1123
103 594 1042
106 590 1042
349 598 1043
108 1076 94
535 1075 90
368 1082 98
669 595 1055
1038 684 188
70 690 185
604 75 417
736 76 421
918 1132 1089
781 1135 1090
1103 1136 1085
1069 75 400
455 71 395
1072 865 350
163 867 347
799 796 560
987 802 552
1079 784 355
365 791 355
327 499 930
235 494 937
975 502 931
277 692 670
384 692 673
28 696 676
171 688 667
1027 796 587
151 795 583
388 802 592
224 619 247
46 619 242
871 555 404
467 1003 797
1061 1011 788
429 822 14
802 822 17
444 821 12
281 583 1054
985 578 1055
72 581 834
419 543 508
548 547 503
674 548 510
7 993 218
82 997 209
653 140 423
221 136 424
109 846 544
357 849 552
458 852 545
558 844 543
637 482 947
963 485 945
706 485 939
35 488 949
67 1129 1121
1036 1136 1125
765 669 46
691 864 563
547 1166 1015
203 1161 1016
289 224 693
68 1140 772
117 1135 777
649 442 895
1097 438 890
582 436 897
423 161 264
292 163 271
603 158 262
264 41 173
854 515 258
418 520 250
387 499 407
190 492 409
900 238 206
907 245 202
386 844 371
570 1137 286
270 1141 290
1087 245 226
275 896 1012
340 896 1005
636 517 409
715 525 414
833 860 1005
848 858 1004
725 466 253
283 470 253
948 467 248
97 277 1118
343 523 383
698 520 385
318 515 388
974 523 380
947 178 266
950 173 272
949 173 263
966 567 506
782 566 510
85 784 1055
1104 786 1053
543 786 1057
361 788 1060
469 780 1050
841 598 247
702 594 241
69 242 986
254 237 978
335 825 1094
628 819 1090
914 826 1095
1070 624 272
681 622 270
177 617 263
1120 625 273
378 1031 1054
865 1027 1056
818 1032 1058
1094 1028 1050
955 785 333
170 781 334
693 791 327
307 580 401
84 585 404
14 143 913
880 145 911
665 224 205
195 227 208
94 221 209
989 140 954
823 139 951
389 145 952
940 262 1001
490 267 1008
1078 1167 393
363 1040 380
360 581 378
169 580 380
588 578 382
1029 585 375
1050 959 985
1065 962 994
370 1002 264
215 143 572
968 134 566
47 133 586
15 387 264
463 389 256
1060 390 265
780 381 263
523 380 255
513 152 567
421 715 456
899 708 461
596 716 454
514 144 582
86 153 586
409 141 439
881 136 437
1089 127 324
599 130 328
755 646 1129
960 638 1120
911 411 890
196 407 897
402 27 968
451 32 973
926 584 919
503 787 1131
961 790 1132
425 785 1132
1051 1173 458
0 1177 461
743 1173 462
896 1176 456
445 211 831
607 622 918
75 834 868
253 532 764
557 937 492
903 214 742
111 214 746
473 210 738
728 296 923
515 292 928
773 344 926
748 47 131
951 47 125
991 143 103
936 1081 98
800 1126 891
250 1132 895
437 689 714
598 834 866
286 431 1090
727 483 55
44 859 498
497 285 454
40 1045 493
654 38 752
619 235 1165
220 229 1166
984 954 258
296 947 254
102 35 694
584 40 686
449 440 759
585 721 1009
364 532 762
537 784 225
12 787 219
58 785 228
1054 78 871
539 292 120
573 59 1088
375 830 806
1057 834 805
1074 867 1044
1116 858 1048
288 23 816
640 725 42
924 728 47
912 535 1137
925 525 1133
946 469 300
908 464 295
324 55 1197
839 95 705
776 100 708
645 92 702
927 232 105
708 1122 641
238 902 917
572 909 915
62 1120 616
861 301 321
27 126 328
372 977 88
191 233 13
840 160 175
210 159 179
740 653 830
810 448 206
309 441 213
703 161 150
803 157 145
789 241 1004
767 242 1002
356 241 1007
200 332 1060
957 342 1055
32 880 891
204 949 794
54 952 796
687 945 796
657 191 176
568 155 1035
494 152 1027
1016 556 377
635 192 461
420 1115 934
428 1121 932
240 912 154
471 914 150
269 917 151
125 907 158
508 519 405
1035 514 413
1014 524 414
48 388 462
152 383 462
682 1136 103
22 1119 958
859 1119 956
849 1114 957
176 1121 954
95 154 1059
747 882 916
492 879 922
522 934 388
741 639 180
1052 631 185
670 230 621
663 224 619
1064 1191 768
51 1199 775
851 148 706
267 155 702
135 617 625
1 924 29
853 373 619
280 375 616
777 376 623
76 1096 1124
30 107 34
988 104 38
251 106 32
132 1096 640
460 1092 645
236 771 804
852 528 761
836 965 28
754 420 367
156 428 360
589 1139 260
333 1141 255
239 440 865
717 443 862
60 123 291
813 129 292
130 91 294
1059 96 294
701 88 287
385 1097 1124
456 702 625
758 701 622
811 766 590
895 771 585
965 763 589
367 409 617
332 411 623
602 298 618
39 1010 1148
980 1002 1140
341 1044 1140
1100 700 537
81 702 541
310 1110 283
730 1112 290
205 796 553
141 767 330
282 760 326
1030 618 538
1034 154 763
248 185 151
328 182 144
962 1128 1116
1110 1136 1119
1080 563 1139
575 568 1130
110 1139 184
186 1134 190
660 155 426
410 154 420
745 300 54
905 292 48
892 26 818
1107 1008 995
290 1135 105
655 780 177
744 720 1055
824 864 367
952 868 371
531 91 417
234 97 420
756 31 863
561 24 861
986 847 351
967 848 353
998 844 348
845 912 93
529 88 402
882 95 396
564 284 554
672 676 1008
680 728 675
826 728 667
1114 736 669
618 845 370
888 158 442
172 1010 852
87 971 147
96 978 157
611 358 50
794 188 557
1058 946 852
832 731 1128
897 738 1124
29 785 1185
64 398 52
211 1036 95
185 822 33
34 819 30
774 820 35
158 855 426
123 860 421
1022 801 35
921 1079 56
247 1127 847
867 511 298
768 499 286
650 515 289
382 519 303
919 221 225
150 785 1090
304 788 1087
856 788 1094
45 240 221
100 244 226
920 222 225
1109 107 922
648 100 912
942 380 299
164 416 287
616 425 299
956 1181 501
877 1174 506
440 1089 852
183 1084 846
219 1042 58
147 1037 53
291 591 828
443 582 825
507 160 1088
1021 476 297
140 466 304
124 1040 811
796 1044 815
870 1035 814
785 72 1115
400 58 1096
383 859 559
997 845 563
742 1141 721
198 1136 715
366 1041 1178
1010 624 621
17 618 620
476 936 610
580 1014 1069
801 863 544
772 331 1114
496 339 1111
120 340 1118
454 1049 824
1081 993 662
181 1029 1068
729 412 868
923 413 863
1007 1015 1051
634 362 362
90 356 362
527 687 133
752 589 924
143 586 918
835 134 580
155 337 282
996 340 277
278 145 570
837 152 585
632 301 880
658 295 880
314 588 948
898 590 955
633 618 948
1019 613 949
165 620 956
1002 409 582
380 399 591
1091 411 580
483 777 862
474 780 840
1032 768 865
465 608 930
450 621 919
559 109 312
891 91 327
77 92 323
825 95 325
982 73 820
822 31 870
1106 1047 820
711 1055 807
805 580 1041
1009 1035 828
506 298 691
262 14 952
821 32 943
1084 946 211
237 842 1131
869 521 198
486 530 214
302 435 671
475 172 282
217 1003 947
935 1003 942
549 784 427
578 162 281
601 150 21
1056 168 33
938 148 11
326 418 429
846 427 433
9 306 313
893 300 319
876 931 664
315 972 160
526 1096 1123
424 387 552
546 1149 123
413 1136 107
879 1113 260
166 1123 270
762 1125 272
433 1122 255
928 791 497
502 790 494
571 786 500
331 281 1111
26 500 946
59 503 943
978 482 927
279 130 934
396 145 914
553 879 1027
1063 897 1045
718 1094 931
66 1093 927
554 1089 959
246 422 261
1075 425 256
806 62 541
820 817 1057
540 806 1074
656 824 1051
19 827 181
1037 1046 487
885 151 1029
415 153 1088
623 383 295
566 388 296
828 382 300
910 1099 619
162 107 952
104 106 948
1045 101 956
1033 1088 932
322 824 860
858 832 860
398 825 868
945 495 1091
536 555 1162
311 547 1151
79 567 1175
646 594 270
510 595 271
188 108 717
857 96 701
977 903 897
700 909 898
1102 486 1039
775 497 1025
303 439 1031
362 429 1026
719 264 982
308 266 979
342 179 1057
268 91 127
757 180 1032
639 183 1029
779 763 353
724 767 349
683 763 346
972 774 345
563 763 357
1031 286 463
819 292 460
416 787 184
592 788 177
620 491 383
784 463 552
133 677 1045
872 683 1052
493 682 1044
468 673 1053
797 223 24
1096 236 16
542 721 1053
11 686 482
394 991 608
339 677 42
427 675 47
759 473 464
816 497 382
532 493 380
1113 1040 94
80 1039 98
453 691 460
569 686 456
213 688 478
933 691 482
101 693 477
844 703 472
678 687 479
675 375 588
478 372 581
538 62 1194
173 304 281
953 558 492
337 963 101
694 973 89
379 279 1055
544 526 123
863 276 1172
778 276 1165
624 61 628
834 1020 1170
979 1001 1181
901 1171 391
119 788 423
187 766 559
16 766 553
1066 414 40
995 402 52
576 353 113
873 358 120
600 346 878
121 301 685
276 284 672
915 300 693
91 451 136
393 491 165
875 442 122
860 829 226
732 1039 493
560 788 1185
222 840 1130
138 45 309
878 53 315
56 49 238
944 836 1177
1053 834 1183
917 952 216
533 951 208
817 646 829
615 650 823
941 302 742
306 340 313
391 1101 1089
178 1099 1085
712 65 859
922 77 865
23 73 870
753 73 40
462 78 39
466 69 38
209 296 740
581 861 431
808 791 1181
439 785 1181
122 961 142
417 979 152
1043 736 710
43 2 973
78 4 975
545 590 782
764 589 766
179 689 711
733 189 551
399 805 30
890 524 757
297 1135 285
667 1140 192
1047 231 216
294 226 211
426 87 129
505 65 619
432 48 608
194 70 627
791 620 920
407 192 149
664 448 1077
913 441 1064
258 432 1087
249 530 211
351 809 16
447 801 18
485 530 1169
787 1095 956
1071 1091 956
381 718 1049
8 715 1053
233 94 762
71 359 374
731 372 385
593 357 366
4 443 864
197 98 758
696 113 750
686 96 758
127 228 688
10 1164 1081
6 151 436
442 305 746
313 695 706
180 713 697
530 701 694
452 697 715
271 470 45
750 481 51
541 49 241
376 46 244
350 715 1011
245 797 194
643 780 186
316 1017 1069
737 1018 1064
916 82 166
884 86 173
404 69 74
272 161 1095
265 1003 1181
1073 1035 1147
42 322 916
299 304 910
344 297 909
651 1112 1103
113 1161 1077
684 493 1082
707 1017 1052
688 1168 1084
128 1171 342
1046 1172 346
504 1174 354
348 1167 344
243 942 16
647 1173 343
1006 483 927
904 942 652
690 931 661
771 109 72
160 78 68
638 69 73
677 101 71
1108 107 75
1048 561 399
57 119 291
662 126 292
1003 1168 1082
115 631 137
334 677 34
721 678 43
518 712 484
735 706 454
52 336 879
49 343 873
583 526 214
868 486 929
519 715 480
112 1103 880
207 1086 891
520 647 772
812 650 766
746 944 667
610 299 822
550 936 665
709 442 679
1024 995 256
477 830 1145
345 839 1131
63 1048 91
182 1043 88
722 1048 98
517 682 1012
788 673 1013
330 681 1019
2 676 1010
969 352 426
319 1001 840
105 987 842
459 1006 854
1055 731 707
371 224 82
301 231 101
516 150 763
228 35 751
699 154 760
202 156 757
929 133 913
74 428 876
605 1167 389
403 1187 725
1017 1194 711
671 337 1053
831 295 1074
377 279 1064
431 998 993
1092 145 1181
317 155 1195
411 778 809
274 413 585
751 1152 715
1004 1142 712
710 637 142
263 634 133
697 299 114
20 651 139
13 636 133
556 218 832
499 527 680
154 798 439
293 834 468
148 793 424
591 831 220
954 1000 1153
973 80 173
359 467 462
435 77 395
244 1046 393
159 51 169
738 36 739
55 21 731
1112 33 749
412 24 723
714 41 744
579 959 940
528 1151 188
676 1138 183
320 1153 184
685 1144 192
501 622 549
1098 622 555
149 613 545
137 882 890
397 855 362
586 983 649
354 987 667
889 68 1190
395 790 486
1005 783 491
847 621 273
18 1171 381
414 1173 388
392 1027 381
1020 862 1012
405 391 476
644 385 477
352 382 468
295 598 273
1090 863 491
930 151 1055
227 717 1121
157 620 932
804 622 923
142 453 671
369 445 668
489 944 848
1068 1110 631
134 1122 615
641 1120 646
61 163 85
498 109 59
970 155 105
199 571 1136
1067 559 382
408 560 377
93 565 384
1011 555 387
886 519 670
815 71 1090
883 1144 772
790 1153 760
793 1143 772
216 224 685
261 1164 1077
795 58 1187
1076 936 481
1119 828 224
1042 821 222
41 825 227
679 803 831
761 827 804
436 213 816
401 211 823
464 302 874
1023 186 469
242 158 265
193 2 941
760 702 609
338 519 764
829 318 294
932 308 277
855 495 935
83 481 930
689 347 91
1095 343 106
92 362 110
174 822 1157
24 842 1137
629 670 40
145 394 554
630 231 825
567 222 833
606 301 626
609 691 616
511 1035 489
88 408 363
976 418 377
992 628 602
487 461 475
353 471 467
259 176 142
161 149 97
25 163 71
716 143 91
1121 657 1129
214 651 1120
184 653 1153
1018 639 1139
786 823 206
959 824 227
1082 729 1143
305 738 1135
118 1038 395
329 1014 1054
1041 943 385
126 918 107
612 927 100
373 912 109
167 908 99
770 292 742
50 220 743
260 286 829
1093 287 833
937 946 844
257 368 431
488 364 434
666 195 543
792 91 165
642 225 739
1117 1178 391
232 1180 388
5 1181 394
481 760 334
136 32 828
981 47 839
705 207 554
597 590 918
1115 1041 472
902 1027 469
521 1046 477
887 27 939
617 145 92
273 529 752
783 600 265
146 290 695
827 489 1022
336 45 160
1111 61 152
206 49 202
1039 391 541
256 1129 857
1122 1133 853
114 880 896
241 608 253
713 475 539
33 327 318
1118 301 286
430 1173 1071
491 1185 1065
590 1169 1080
472 1001 1175
1062 100 1033
1001 0 942
842 959 943
625 504 255
438 483 266
943 67 69
906 956 945
1026 1040 1167
766 768 813
749 964 944
769 976 948
1101 961 944
661 387 467
448 865 1005
565 157 13
325 354 420
300 1064 70
814 1074 53
441 954 848
934 974 820
763 952 846
524 459 118
168 227 735
999 1025 493
595 40 318
208 338 59
862 460 479
479 465 748
1015 447 749
192 457 764
321 425 265
723 493 389
850 987 623
577 962 628
1012 478 1083
99 482 1067
864 480 1090
704 814 179
695 774 553
668 769 552
284 683 542
652 692 536
1040 58 1180
285 680 178
38 687 175
739 689 141
673 423 414
613 418 420
931 1111 646
1008 957 949
512 1008 1183
993 401 465
994 909 147
983 339 1101
484 343 1106
562 439 196
622 1036 407
1000 1005 427
153 1045 402
131 268 1166
964 265 1161
807 441 1022
509 436 1039
470 429 1034
434 953 384
1086 950 381
1105 964 449
116 934 403
347 151 1108
1085 158 1102
552 301 628
909 103 764
692 724 31
457 719 43
266 729 30
555 92 721
594 294 621
390 1181 771
574 1189 777
374 300 627
798 1000 978
1049 1007 979
223 275 463
587 881 893
346 885 893
525 889 899
551 886 890
37 288 538
298 290 1118
231 799 500
866 582 1038
1044 631 772
65 640 763
189 631 824
894 640 833
21 511 764
1028 1175 1012
461 144 29
1025 585 399
446 576 375
144 91 136
226 524 136
175 997 984
225 998 990
355 1005 988
36 782 820
129 817 1096
971 460 212
838 809 210
107 54 1109
621 237 624
255 246 624
3 242 616
958 256 981
229 260 981
312 34 572
608 54 537
98 83 1191
1088 103 1157
726 77 1195
480 990 263
252 1175 1019
482 1171 1022
139 785 1176
614 710 484
358 380 290
1099 347 916
406 410 263
843 417 256
627 868 1005
534 292 475
990 337 928
1077 292 62
830 1136 170
809 1133 174
659 512 676
212 697 553
422 521 741
626 531 740
31 145 1101
874 1163 1029
89 997 856
218 136 760
939 143 765
495 1009 1183
1013 997 790
734 799 1186
73 359 425
1083 706 1013
720 706 1008
323 281 465
500 289 473
287 128 315
631 40 315
230 1177 487
53 1173 495
201 670 185
