1014
801 380 169
793 379 165
628 381 166
456 102 176
443 351 380
519 109 277
211 112 101
355 207 47
48 172 202
309 198 384
474 276 104
695 169 152
603 268 181
325 209 200
82 24 29
244 37 289
93 221 18
696 162 391
129 161 392
194 366 351
928 390 97
195 146 253
345 46 307
299 101 299
6 103 301
1004 123 216
758 55 222
139 61 217
19 40 345
735 313 303
754 9 329
413 3 86
60 230 366
876 226 362
712 232 364
872 131 176
658 126 179
777 318 8
136 206 76
283 39 2
949 316 390
41 382 335
331 310 327
304 307 319
678 294 8
829 140 61
143 155 340
441 305 289
23 96 153
535 264 350
412 232 63
138 306 91
813 168 203
383 90 89
890 284 349
357 262 85
50 200 397
470 172 294
268 76 51
810 72 47
973 253 259
689 249 255
431 119 91
368 328 353
704 294 164
941 274 52
505 320 96
354 120 334
978 115 338
789 151 376
77 22 193
765 26 188
58 363 110
969 367 111
408 369 107
596 370 116
909 363 112
853 105 100
933 210 26
365 328 386
451 343 127
191 19 268
688 22 262
791 223 218
471 349 66
487 40 314
4 387 78
290 29 215
422 199 332
848 111 195
125 77 70
572 134 295
1006 367 396
864 102 26
666 92 27
561 97 30
447 99 48
342 10 274
726 393 334
350 274 280
433 168 337
310 228 99
616 235 182
573 10 38
592 4 216
380 172 17
674 167 13
792 137 279
47 308 351
271 351 363
400 223 383
241 227 380
629 352 192
439 204 156
391 306 378
869 371 224
220 83 32
630 138 259
326 135 264
192 239 281
752 243 277
302 215 84
954 257 9
694 343 76
159 93 254
867 166 397
955 30 200
528 25 206
189 222 47
164 104 4
539 373 32
896 130 230
429 312 22
514 270 162
86 242 56
295 248 83
716 26 380
13 246 220
593 229 244
501 171 265
381 142 227
799 108 159
669 88 1
90 164 374
475 165 383
69 159 378
868 259 25
379 19 362
432 283 186
320 377 68
926 374 269
680 329 103
632 48 68
834 27 315
486 13 348
284 19 353
339 395 265
71 66 372
79 31 28
917 272 179
807 23 49
445 271 199
846 255 144
529 244 265
12 123 398
26 310 110
40 182 370
362 149 393
344 153 390
130 154 394
818 157 387
668 155 396
667 150 391
717 356 32
513 262 324
975 258 319
708 258 170
131 252 174
24 352 284
382 187 332
182 265 303
52 259 298
64 179 293
947 170 90
335 142 389
168 188 136
843 382 175
204 250 368
548 376 389
556 288 360
607 392 275
652 398 271
94 110 164
871 20 253
208 17 251
859 187 122
698 371 245
229 370 254
873 379 249
578 16 128
907 381 16
774 380 21
649 378 18
929 384 20
741 286 306
983 307 156
46 234 389
266 351 302
181 135 333
230 131 336
480 129 193
772 23 156
536 239 70
559 299 174
322 303 177
661 301 173
957 179 213
1002 181 319
497 23 182
488 139 75
692 82 269
923 153 383
924 214 328
714 275 159
602 379 387
469 273 388
18 165 136
557 348 370
305 344 366
428 24 241
707 16 246
491 114 291
809 275 39
410 205 69
805 255 243
449 45 172
257 165 217
581 290 83
738 81 246
190 296 227
699 43 237
739 16 276
2 73 182
455 13 214
584 267 294
546 125 163
764 339 266
886 267 164
8 112 163
910 332 69
463 316 197
898 90 50
11 15 45
1010 255 227
583 5 26
744 3 17
446 1 22
888 94 88
296 228 213
38 87 19
223 35 86
806 38 89
360 259 292
406 286 388
83 58 135
301 377 347
838 203 77
877 123 341
329 58 199
81 64 206
358 60 203
811 110 229
986 263 238
171 303 238
158 234 198
453 229 199
857 53 152
625 322 387
209 148 225
370 319 74
914 324 75
317 321 72
710 397 375
748 218 266
278 233 21
328 319 171
397 262 387
671 58 341
563 341 149
462 4 270
897 217 43
146 313 247
121 47 200
534 52 207
399 50 200
967 118 341
882 1 41
91 384 29
974 383 32
921 249 285
387 175 393
66 178 390
976 313 287
817 317 284
769 344 351
800 5 102
148 18 168
802 283 256
552 331 381
842 265 79
524 352 269
512 0 344
127 48 2
784 285 21
981 167 292
54 116 177
273 85 126
7 86 104
757 89 101
936 117 187
697 120 108
847 242 75
92 175 255
245 163 87
141 158 89
308 13 72
821 155 153
318 282 180
530 287 184
402 261 365
785 347 357
101 356 158
95 317 185
722 160 170
911 244 297
53 252 298
831 249 301
701 83 219
120 150 384
731 297 274
564 39 334
851 306 44
972 96 164
375 0 172
679 290 31
349 150 362
874 132 113
750 357 293
647 376 181
858 51 348
425 65 362
285 7 198
711 39 46
903 355 346
252 361 345
411 156 232
644 155 231
582 20 27
75 326 62
415 23 37
255 41 338
1008 361 39
70 347 340
608 345 340
1005 174 257
258 259 225
753 112 12
132 171 36
237 396 126
458 220 132
303 139 23
825 173 165
540 292 279
854 271 362
944 278 367
376 275 364
478 183 355
622 191 277
351 224 187
721 225 206
343 233 209
822 193 274
307 282 146
542 275 145
790 280 153
126 282 265
579 115 227
621 148 168
918 325 378
63 350 346
527 348 345
356 73 312
966 398 138
998 173 58
207 174 54
293 148 136
588 230 170
249 228 174
175 242 160
676 241 169
173 233 166
849 237 164
751 289 59
916 284 54
508 45 314
298 37 318
336 324 4
468 295 331
369 37 182
835 136 385
724 398 71
390 397 67
363 384 214
483 320 80
374 157 205
878 155 208
720 340 380
461 121 343
165 365 102
650 234 145
300 202 137
103 207 132
106 107 32
347 337 136
706 33 252
520 149 183
359 384 230
946 389 233
544 114 15
442 228 80
291 32 238
150 346 224
795 354 71
464 356 71
17 315 19
1013 195 129
218 204 99
657 33 156
747 257 123
319 25 360
161 316 272
21 42 78
895 40 74
771 131 64
479 23 15
715 16 14
925 22 21
373 333 383
550 353 84
953 237 322
740 252 325
28 248 328
541 192 188
935 336 21
198 336 302
515 108 378
840 99 362
994 199 358
25 80 22
963 313 132
334 329 125
905 221 67
938 81 45
421 1 76
5 353 335
155 366 45
623 168 80
845 74 250
424 173 21
465 334 128
324 185 86
435 366 196
824 15 121
570 352 392
690 231 117
893 336 189
939 317 203
197 27 54
725 110 188
990 108 191
215 369 81
682 353 91
332 143 310
855 190 110
44 225 241
700 35 265
196 210 257
264 228 246
430 376 28
183 378 29
775 374 290
274 77 311
850 308 67
619 334 83
492 274 220
733 36 383
254 334 11
409 160 323
1011 157 328
214 83 29
549 366 369
3 387 72
122 147 362
932 17 311
631 11 314
597 354 280
472 371 383
145 361 314
1009 334 342
996 332 340
883 383 291
248 205 209
589 205 216
33 202 213
482 58 16
836 119 269
427 275 4
670 43 358
262 66 264
585 398 209
532 276 110
156 381 318
414 396 82
875 308 35
467 399 35
642 131 309
985 349 214
200 182 129
899 195 229
420 24 84
545 99 340
137 342 28
518 326 260
574 118 102
59 284 275
734 279 278
102 155 244
419 75 370
96 222 374
687 220 372
681 182 323
987 180 324
879 165 43
166 118 206
134 40 64
922 37 66
270 173 332
755 312 211
68 198 46
416 14 5
1007 44 396
576 391 189
595 375 112
533 103 350
627 179 315
523 6 275
727 298 258
852 48 214
281 23 385
444 103 58
591 93 58
537 103 51
705 97 53
942 47 392
553 106 135
22 104 136
162 134 315
30 137 318
394 221 346
246 64 221
803 230 21
118 233 26
109 225 19
598 223 27
902 227 22
149 68 42
315 30 305
880 25 310
116 361 175
34 59 279
767 263 361
234 112 20
476 87 213
16 357 204
348 284 99
565 282 380
558 384 141
773 384 138
940 45 81
154 272 343
250 279 340
506 276 345
919 263 208
862 238 287
516 358 215
931 138 313
157 293 363
1012 232 241
703 216 339
232 261 375
968 88 318
313 231 54
691 372 98
151 118 67
912 359 211
730 5 300
185 198 177
920 284 235
798 287 231
338 288 236
551 285 233
580 99 290
438 249 4
395 175 309
531 346 116
828 341 118
502 349 114
163 23 170
457 137 382
436 131 383
759 99 274
115 397 156
904 46 143
999 91 127
108 88 125
485 210 169
117 206 171
228 372 4
648 317 379
39 317 385
178 235 15
316 228 14
213 231 18
396 313 2
489 362 10
656 360 324
948 157 77
9 105 259
891 142 46
51 20 323
1003 127 105
404 201 273
29 324 96
844 292 299
600 138 143
128 276 391
685 277 172
970 185 181
820 162 69
768 148 148
226 214 241
1000 235 391
677 258 157
640 396 107
259 26 266
562 269 256
815 272 259
952 366 1
172 67 141
778 214 372
737 78 112
78 301 271
937 312 41
384 200 322
289 289 118
261 302 341
992 209 233
839 168 23
781 133 236
885 92 37
870 86 33
216 347 291
770 164 226
418 274 59
814 273 51
481 321 307
174 202 228
473 393 391
991 155 162
729 127 50
620 137 4
110 324 235
510 118 80
865 122 84
205 122 82
606 145 270
571 60 62
247 5 228
321 129 277
945 171 238
160 233 227
385 200 69
826 253 274
927 249 270
613 317 39
684 364 176
74 22 68
45 329 332
611 248 19
80 222 142
686 107 173
388 31 270
251 197 9
962 22 42
169 18 39
392 230 54
87 10 61
594 5 60
386 93 79
641 46 269
908 290 176
894 69 231
749 16 186
113 266 251
554 272 375
72 100 168
99 95 175
36 104 166
762 94 171
982 255 109
995 361 342
989 365 346
170 3 133
683 47 50
279 105 246
517 188 230
609 212 110
280 3 348
522 349 10
459 342 8
184 346 12
709 165 19
856 331 148
760 66 345
663 63 346
0 61 347
124 63 341
366 64 344
265 151 236
67 32 55
352 199 153
224 86 235
297 318 79
231 316 87
610 357 235
340 359 15
702 92 234
495 205 57
718 48 287
881 287 5
206 292 1
951 136 223
466 114 166
626 54 313
210 73 28
494 232 290
454 207 232
236 213 293
743 322 239
221 368 145
913 373 152
256 369 154
107 374 148
634 375 152
615 375 146
509 371 150
569 70 310
713 28 96
225 181 116
605 136 215
538 131 220
645 243 116
477 245 123
958 252 118
73 249 122
240 128 203
841 126 201
732 241 361
286 363 334
10 353 353
525 347 205
364 256 198
1001 253 191
55 385 209
144 50 228
590 332 31
673 237 396
984 359 389
672 356 395
587 71 380
98 344 389
267 73 146
62 96 236
105 226 41
153 11 381
104 375 347
378 374 344
819 170 315
934 298 93
212 301 87
235 260 8
49 172 366
889 152 302
217 156 306
901 337 53
393 125 238
1 17 389
88 273 126
37 77 47
372 265 51
728 380 206
437 175 285
277 109 317
965 112 319
193 182 153
490 370 23
979 366 226
971 362 228
639 135 35
243 253 373
341 245 32
961 244 27
20 90 292
180 322 207
403 252 42
577 271 139
560 216 150
114 365 133
823 312 167
100 223 225
787 4 353
756 322 303
693 241 242
97 324 42
333 290 341
423 77 163
371 307 341
547 235 8
887 202 106
179 25 273
780 18 145
654 81 396
643 7 236
199 219 389
604 123 173
659 396 78
746 394 86
915 399 80
498 142 365
719 13 282
448 121 156
203 222 9
675 228 4
832 223 343
993 342 263
112 346 265
504 251 359
637 252 354
89 68 112
337 144 372
892 115 58
575 118 63
997 117 62
119 111 71
964 108 76
76 192 178
405 351 172
660 225 152
167 289 69
346 283 65
830 44 216
272 383 158
782 380 161
665 253 350
988 49 19
152 237 120
239 212 307
507 50 331
812 234 113
123 235 384
796 236 387
493 184 343
426 3 294
779 218 15
32 159 293
827 115 120
651 117 349
188 31 64
816 301 347
555 305 344
499 237 269
222 175 231
543 178 228
884 168 230
260 178 235
662 173 233
263 151 95
276 145 90
511 168 308
330 194 387
452 51 195
417 106 124
863 104 121
736 109 123
950 178 102
85 186 315
42 380 216
960 346 53
638 342 60
434 263 153
407 133 198
766 101 255
61 97 259
147 300 84
599 307 86
111 392 41
980 274 90
401 356 305
253 209 191
633 149 165
612 30 185
201 154 22
282 152 20
788 138 345
135 385 11
956 152 14
783 144 15
176 149 19
786 72 322
566 123 295
288 239 97
311 236 92
745 165 268
794 69 37
521 170 253
327 237 126
808 328 269
238 379 218
287 153 151
242 221 294
943 385 345
65 136 80
617 366 208
314 106 339
567 66 213
377 382 349
655 272 244
833 72 286
601 28 278
219 30 274
186 38 304
635 197 141
312 384 355
804 357 27
500 328 119
306 344 144
776 56 369
15 267 64
294 268 69
653 382 377
460 397 21
292 187 24
646 88 388
526 58 113
177 56 120
233 49 122
353 54 118
31 97 124
503 91 387
484 349 31
761 383 325
140 31 108
269 74 308
496 212 42
837 294 159
861 163 131
27 212 368
398 208 360
723 211 364
389 145 112
742 151 106
227 147 110
56 82 313
586 80 320
906 261 269
84 179 337
930 59 241
624 62 249
440 83 257
797 323 147
142 55 363
664 84 122
866 124 97
14 353 343
450 265 160
133 357 198
361 47 335
900 216 194
568 261 341
187 24 62
860 28 66
275 67 254
636 49 204
959 252 230
43 250 232
57 60 123
202 271 224
367 147 285
323 251 128
35 192 87
618 282 217
614 255 134
763 317 79
977 138 296
