6257
5656 1130 1703
91 1145 1667
1429 1122 1665
4794 1103 1697
4125 1128 1646
4018 1087 1687
5225 1090 1713
4515 1109 1708
5025 1158 1646
5298 1096 1633
1508 1109 1629
3811 1147 1639
350 1138 1630
6196 1086 1646
3962 1068 1673
2037 1496 1594
101 1466 1648
121 1538 1621
3381 1480 1629
286 1483 1645
5065 1531 1663
5480 1493 1658
3334 1511 1627
3816 1470 1620
2593 1451 1632
5364 1449 1653
4889 1468 1639
261 1519 1643
745 1508 1649
2826 1512 1664
9 1518 1660
5828 1499 1636
5247 1161 1619
1144 1171 1641
2516 1536 1638
2528 1523 1615
2209 1533 1629
71 1537 1648
2294 1505 1675
411 1049 1687
115 1517 1595
6032 1485 1621
4762 1479 1605
195 1122 1603
2228 1134 1610
6217 1496 1648
2458 1109 1614
2747 1498 1616
3751 1510 1607
106 1476 1661
4807 1062 1656
2922 1505 1639
6047 1106 1735
2224 1082 1631
5180 1056 1696
3672 1505 1554
2306 1041 1654
128 1481 1553
3151 1484 1550
4555 1429 1643
3911 1523 1578
4852 1519 1575
2668 1497 1540
2365 1432 1659
2850 1058 1637
3656 1479 1546
2381 1497 1535
244 1413 1660
2424 1418 1653
701 1515 1586
4089 1032 1690
143 1494 1547
5891 1512 1568
1537 1502 1568
6226 1488 1581
5057 1490 1577
4781 1537 1681
3161 1459 1613
2320 1493 1625
869 1540 1613
5229 1047 1705
2419 1513 1559
2954 1541 1670
2870 1439 1637
1524 1487 1544
5716 1531 1573
2908 1516 1583
1362 1494 1554
476 1526 1676
1158 1532 1679
2847 1515 1563
2616 1517 1576
993 1020 1660
4628 1516 1565
4371 1498 1543
2080 1520 1552
4632 1434 1656
1339 1399 1657
331 1485 1534
3277 1531 1682
4856 1509 1582
2309 1505 1580
5893 1188 1636
1252 1509 1549
1686 1498 1552
1431 1500 1669
4899 1033 1706
4530 1514 1575
2948 1446 1620
5807 1037 1721
3326 1044 1708
2926 1488 1627
1782 1496 1531
2074 1457 1662
464 1489 1630
634 1474 1557
3055 1439 1628
478 1479 1533
5804 1049 1641
59 1538 1678
5751 1534 1681
5433 1184 1626
1464 1483 1572
4600 1485 1541
5176 1547 1673
4158 1525 1684
5559 1544 1641
1101 1453 1617
3101 1515 1559
3637 992 1659
6189 1547 1633
4185 1482 1566
199 1444 1621
2477 1532 1607
5228 1440 1660
2881 1390 1664
1541 1527 1600
2912 1382 1657
4017 1386 1661
4012 1514 1540
1237 1395 1665
1712 1521 1673
2883 1517 1581
2749 1510 1562
640 1517 1676
336 1517 1544
4978 1477 1550
1888 1490 1672
2187 1515 1672
3789 1116 1624
3930 1520 1683
2608 1493 1538
3023 1495 1677
4231 1522 1679
1837 1066 1629
1318 1501 1538
439 1015 1676
133 1533 1597
3613 1092 1613
3666 1509 1587
1483 1549 1652
6018 1504 1539
1420 1069 1632
24 1421 1657
4124 1514 1680
5429 1477 1564
4629 1553 1669
1002 1524 1585
5554 1555 1638
1851 1556 1662
390 1462 1608
4718 1412 1532
447 1358 1659
5845 1431 1572
1706 1556 1641
1522 1570 1695
3439 1376 1665
4866 1021 1645
4739 1556 1675
5944 1415 1546
4330 1427 1674
608 1552 1724
488 1535 1585
2680 1526 1537
2377 1549 1627
5582 1456 1596
860 1430 1564
771 1466 1577
256 1429 1604
1492 1391 1673
4431 1432 1548
6252 1425 1682
6165 1035 1733
4573 1552 1668
4439 1518 1539
4525 1458 1548
4921 1414 1580
3963 1587 1698
867 1405 1534
1297 1472 1587
5609 1520 1530
5048 1514 1534
858 1449 1669
1215 1426 1584
5569 1547 1721
967 1432 1579
3273 1416 1558
38 1408 1525
753 1579 1658
352 1429 1597
4257 1480 1674
5685 1481 1526
4163 1484 1532
699 1464 1551
391 1174 1598
449 1506 1521
4368 1462 1535
2939 1570 1666
4971 1553 1697
4356 1382 1682
632 1420 1569
460 1577 1718
4152 1575 1721
1384 1547 1732
181 1583 1774
1146 1577 1774
5555 1581 1771
3583 1392 1679
1195 1395 1676
4863 1520 1688
2814 1577 1693
2905 1402 1637
5895 1460 1603
1853 1509 1526
1290 1547 1601
5762 1576 1665
2336 1444 1587
98 1556 1653
1728 1553 1655
4854 1555 1703
4920 1551 1691
4255 1523 1693
2621 1432 1613
4859 1488 1522
1674 1529 1540
2560 1441 1576
5763 1186 1735
2825 1451 1582
2726 1432 1563
19 1416 1522
2783 1559 1714
315 1449 1568
2011 1456 1590
1861 1562 1722
4873 1560 1697
5943 1433 1617
4751 1490 1526
5755 1531 1554
4470 1475 1567
6248 1433 1621
3757 1081 1611
5173 1543 1608
1445 1454 1582
332 1551 1648
3471 1576 1704
95 1467 1577
4512 1465 1583
60 1567 1732
499 1442 1605
4936 1570 1721
3176 1556 1620
2838 1374 1661
1907 1402 1679
3390 1559 1649
626 1423 1635
652 1407 1534
240 1408 1538
325 1478 1575
2656 1543 1594
1026 1496 1685
1143 1575 1652
1500 1578 1702
3820 1413 1690
4844 1412 1641
3049 1178 1606
4413 1559 1701
6228 1561 1699
207 1466 1576
319 1575 1679
4295 1447 1544
3453 1513 1694
3387 1507 1691
3483 1578 1711
2109 1434 1662
51 1416 1577
727 1542 1563
159 1042 1542
1917 1524 1545
1111 1535 1548
3691 1468 1678
787 1461 1539
1874 1415 1682
615 1541 1582
5302 1532 1545
4537 1441 1548
906 1556 1631
3398 1358 1663
2981 1411 1575
3431 1446 1560
4846 1459 1597
5146 1456 1599
3552 1438 1589
4291 1527 1557
2500 1467 1543
5868 1386 1683
6103 1561 1713
855 1551 1707
2829 1449 1591
3016 1509 1518
731 1536 1557
3249 1538 1554
4131 1155 1592
388 1428 1541
1226 1202 1634
2980 1550 1701
564 1365 1657
1008 1412 1635
4298 1556 1685
5407 1563 1676
1589 1565 1674
3588 1351 1666
337 1362 1643
2044 1450 1672
4377 1423 1596
765 1454 1560
994 1031 1639
710 1576 1662
4267 1562 1656
6129 1550 1712
595 1557 1705
1652 1377 1673
957 1486 1679
1822 1559 1671
367 1546 1547
4831 1543 1554
1767 1426 1594
5191 1562 1666
5924 1419 1581
4481 1523 1527
763 1582 1684
5207 1422 1667
3184 1461 1530
5537 1507 1530
3922 1452 1576
1349 1050 1544
2371 1424 1559
5331 1466 1551
2755 1485 1692
3544 1485 1685
281 1422 1577
1155 1465 1560
6197 1473 1542
5726 1428 1583
4057 1588 1769
2181 1466 1673
3517 1557 1643
1764 1421 1531
4198 1583 1658
2251 1183 1607
3907 1423 1624
5508 1584 1718
3815 1448 1553
1578 1161 1602
6092 1548 1613
5583 1479 1578
2059 1485 1566
1565 1481 1679
4655 1443 1559
317 1487 1557
606 1454 1557
6149 1400 1689
5776 1581 1777
1438 1535 1531
3269 1417 1527
1613 1465 1589
4817 1431 1560
2373 1587 1685
3650 1379 1653
3902 1558 1676
4679 1398 1639
5035 1537 1590
3276 1476 1522
938 1566 1688
2533 1579 1687
4888 1455 1586
418 1133 1586
5265 1569 1658
5294 1381 1649
1812 1454 1592
3317 1460 1591
3067 1433 1587
4911 1006 1629
5499 1579 1675
3750 1582 1683
4816 1433 1665
1137 1420 1564
823 1564 1701
6218 1397 1649
6162 1365 1671
2056 1425 1619
643 1455 1578
459 1521 1540
5349 1454 1545
3331 1455 1544
5345 1451 1548
3294 1470 1527
4463 1469 1563
102 1504 1514
1245 1513 1522
4713 1391 1644
4616 1200 1618
4228 1551 1536
4156 1536 1550
1036 1560 1660
5938 1044 1637
3784 1459 1535
4182 1423 1555
2773 1414 1564
6214 1383 1644
2643 1398 1540
5284 1466 1601
2426 1526 1558
3180 1432 1587
1676 1428 1591
5989 1580 1717
1647 1423 1572
5749 1001 1641
1238 1564 1730
2688 1443 1670
2665 1547 1573
5872 1547 1566
517 1543 1569
2733 1436 1625
1412 1182 1726
1935 1588 1705
3030 1408 1649
1134 1522 1546
939 1490 1519
4039 1571 1708
1538 1425 1676
416 1577 1701
6 1482 1590
4532 1572 1679
2531 1528 1688
5038 991 1639
1163 1414 1552
1597 1504 1532
3943 1486 1520
5481 1419 1559
1458 1444 1592
2379 1471 1547
1176 1189 1616
1543 1555 1731
1630 1419 1630
1733 981 1665
4351 1159 1713
3444 1577 1685
5363 1427 1629
3408 1547 1736
2903 1179 1678
4084 1460 1668
1941 1525 1554
766 1437 1556
4692 1402 1532
5272 1048 1636
4880 1560 1679
961 1503 1685
4743 1552 1634
4003 1591 1766
816 1421 1671
4174 1554 1623
5283 1539 1597
1747 1208 1622
5028 1436 1672
5973 1451 1673
4495 1441 1663
3117 1360 1648
4145 1538 1586
1149 1554 1644
839 1570 1785
760 1587 1666
6132 1361 1662
3258 1016 1709
4047 1458 1585
2342 1563 1739
5543 1406 1675
3021 1365 1641
1800 1557 1668
892 1369 1664
2800 1444 1580
3543 1186 1734
1665 1583 1689
3912 1573 1688
3232 1450 1599
3497 1553 1658
2100 1397 1641
6078 1574 1728
109 1179 1601
234 1405 1563
69 1402 1544
4030 1566 1725
3579 1169 1601
2097 1518 1527
1468 1549 1722
2129 1569 1649
2945 1492 1518
3162 1431 1566
3178 1378 1646
88 1555 1696
4642 1407 1528
2634 1546 1730
1783 1404 1568
3671 1368 1639
5222 1384 1635
613 1374 1645
6099 1440 1569
5051 1374 1686
589 1384 1676
5781 1588 1714
5557 1012 1702
1684 1573 1673
2996 1537 1608
2238 1058 1628
3969 1561 1758
3367 1565 1755
5067 1383 1701
6039 1476 1719
2609 1472 1723
5155 1552 1562
5886 1553 1566
676 1331 1644
2615 1550 1604
1221 1207 1721
6075 1505 1713
2227 1611 1670
3362 1561 1644
1415 1526 1707
3900 1309 1562
4758 1604 1717
723 1556 1591
2007 1552 1593
5208 1492 1706
3996 1579 1741
4476 1180 1669
3333 1586 1749
1184 1346 1670
5720 1322 1666
210 1554 1793
1910 1557 1558
4865 1591 1747
1248 1297 1567
1958 1459 1708
5245 1585 1753
3240 1035 1537
885 1589 1724
6104 1327 1564
4388 1462 1521
103 1465 1518
2222 1458 1729
2573 1566 1800
663 1576 1789
5668 1547 1584
4810 1624 1666
5599 1406 1503
4770 1394 1517
5798 1464 1695
4558 1608 1676
5081 1459 1680
1074 1596 1736
5961 1398 1555
4950 1491 1713
5195 1497 1709
4304 1042 1523
2994 1472 1694
5815 1303 1576
4417 1280 1525
2451 1562 1614
253 1563 1646
3081 1533 1699
4345 1540 1687
6249 1441 1528
3865 1437 1689
5362 1593 1716
6079 1414 1608
4884 1590 1731
461 1408 1620
1628 1489 1718
3663 1062 1757
3837 1392 1552
2518 1401 1562
4916 1420 1615
6070 1185 1598
648 1184 1594
5978 1591 1671
4914 1424 1606
3992 1566 1746
2940 1197 1600
3849 1310 1550
707 1558 1582
3706 1546 1690
403 1385 1534
3521 1388 1537
1841 1561 1634
3770 1590 1679
1906 1493 1719
6135 1593 1721
5159 1467 1709
3534 1577 1749
3442 1550 1601
2982 1553 1605
1061 1574 1761
276 1106 1593
5091 1451 1523
400 1419 1513
363 1415 1514
2553 1591 1692
582 1341 1676
2142 1457 1518
3351 1383 1528
1956 1597 1781
238 1395 1622
3771 1336 1655
4085 1426 1691
5912 1633 1671
2362 1394 1530
2318 1413 1587
217 1410 1589
5144 1142 1573
4404 1400 1618
4890 1599 1784
919 1395 1627
4997 1454 1522
3736 1599 1690
3394 1583 1746
6256 1040 1530
2901 1598 1670
329 1463 1716
3936 1399 1574
5675 1555 1746
3530 1378 1544
848 1374 1550
6178 1522 1702
4072 1331 1543
2654 1326 1548
3916 1489 1687
2525 1189 1693
2301 1552 1754
2646 1641 1666
3982 1486 1724
2355 1446 1536
3159 1419 1620
5834 1495 1517
5044 1166 1679
273 1589 1612
1663 1562 1624
4428 1597 1705
1717 1432 1694
6238 1123 1585
4272 1090 1594
535 1574 1740
1280 1384 1540
4528 1513 1713
5532 1502 1701
1724 1574 1744
2004 1405 1547
1646 1401 1588
3242 1592 1651
1305 1408 1628
462 1321 1556
3248 1400 1629
3376 1522 1515
3348 1556 1753
28 1497 1695
4764 1295 1537
3565 997 1629
2446 975 1652
3020 1541 1710
354 1562 1751
230 1594 1730
5029 1047 1520
2160 1548 1589
1571 976 1675
5775 1413 1706
2705 1407 1710
2527 1567 1641
4579 1004 1721
6167 1547 1579
4451 1608 1663
4367 1606 1667
619 1467 1691
782 1574 1735
3600 1306 1565
5485 1598 1688
1220 1547 1797
1124 1483 1516
465 1398 1585
1302 1576 1752
3315 1601 1771
2413 1320 1653
2361 1437 1533
90 1573 1745
3344 1341 1527
3026 1311 1559
242 1623 1670
419 1649 1638
4465 1619 1666
1703 1464 1685
2984 1322 1669
5006 1525 1521
3629 1403 1518
5379 1612 1656
5597 1399 1591
3556 1555 1485
661 1517 1512
5315 1483 1726
2906 1557 1759
2772 1597 1712
833 1420 1614
1450 1327 1552
3389 1604 1700
4374 1146 1579
1309 1440 1534
1546 1401 1627
6028 1354 1671
2851 1484 1716
1257 1587 1787
988 1518 1516
5113 1592 1698
485 1605 1684
2280 1569 1737
2921 1427 1705
160 1171 1590
1866 1411 1695
3405 1316 1559
1104 1601 1696
155 1040 1626
5127 1615 1658
5342 1472 1691
123 1561 1744
5424 1573 1796
5892 1624 1676
1071 1630 1663
4710 1605 1657
3406 1555 1805
4646 1406 1617
5742 1474 1739
1023 1073 1603
539 1579 1758
2835 1605 1711
1849 1534 1712
5220 1361 1681
6181 1601 1675
2164 1578 1784
4293 1396 1587
4168 1353 1641
4989 1559 1566
685 1608 1656
2925 1627 1706
5503 1594 1681
2644 1600 1681
2386 1605 1678
1171 1084 1601
3715 1408 1717
4014 1175 1583
2021 1459 1699
5643 1562 1595
305 1559 1598
2918 1399 1701
2135 1546 1556
5988 1421 1692
5620 1562 1640
2757 1599 1654
5945 1298 1563
250 1475 1519
3100 1535 1517
1525 1511 1503
5604 1562 1521
978 1532 1520
4311 1283 1533
6095 1296 1523
3917 1475 1687
2647 1601 1673
3878 1327 1666
3524 1557 1574
6247 1381 1536
4870 1597 1684
1714 1452 1532
1319 988 1627
3233 1594 1686
3478 1597 1665
3436 1590 1711
1694 1589 1648
5564 1564 1593
5108 1595 1777
2869 1400 1707
3944 1477 1727
5419 1560 1623
4742 1556 1789
4052 1152 1583
3274 1389 1526
1792 1387 1526
4556 1166 1693
410 1169 1709
2963 1200 1699
547 1412 1519
525 1023 1637
5982 1445 1688
2724 1497 1720
4913 1528 1525
5330 1146 1546
3166 1109 1583
1754 1498 1705
5665 1580 1731
284 1569 1762
4659 1375 1603
2302 1406 1629
5361 976 1660
2966 1454 1518
3193 1457 1522
806 1569 1574
976 1546 1551
5147 1124 1578
1249 1406 1578
4577 1284 1525
3622 1132 1575
99 1381 1547
1625 1032 1531
2144 1537 1689
6034 1289 1524
1477 1400 1510
3919 1001 1704
605 1563 1788
5584 1537 1718
1388 1317 1660
598 1595 1773
5338 1415 1593
4281 1660 1678
3425 1637 1668
2392 1602 1660
5745 1584 1782
780 1589 1678
3951 1401 1522
2268 1548 1736
3643 1487 1724
3831 1601 1651
4720 1581 1649
6157 1195 1677
4358 1583 1739
847 1518 1701
4485 1507 1703
3923 1326 1670
879 1584 1733
3409 1589 1727
1725 1504 1735
3458 1473 1708
2407 1059 1597
3702 1452 1687
3554 1045 1737
5711 1016 1731
5800 1564 1630
3229 1443 1532
5446 1579 1640
3630 1352 1684
4133 1522 1705
718 1478 1709
5977 1089 1606
2878 1413 1713
5790 1386 1502
3668 1376 1564
3574 1578 1591
2180 1460 1695
1446 1448 1517
2260 1548 1812
5969 1303 1520
2447 1387 1562
2030 1359 1555
5910 1358 1557
2429 1442 1699
3735 1272 1593
2425 1611 1736
2246 1184 1666
1696 1393 1493
916 1285 1558
5623 1449 1508
5310 1280 1594
609 1445 1514
4898 1371 1547
3380 1383 1514
2370 1300 1541
6100 1389 1716
1737 1064 1564
194 1339 1563
1761 1333 1621
3222 1272 1538
800 1444 1516
2722 1385 1495
1545 1331 1556
3468 1285 1515
1607 1633 1657
1999 1439 1722
2998 1582 1798
2035 1569 1639
1444 1326 1627
2701 1548 1809
672 1542 1802
1453 1309 1604
4329 1305 1537
1073 1280 1551
2465 1604 1743
1955 1289 1505
523 1573 1770
1254 1108 1555
4105 1287 1587
1992 1590 1755
1345 1068 1560
5864 1127 1566
2877 1035 1761
4714 1361 1636
5193 1397 1734
409 1608 1773
2130 1377 1533
1659 1375 1726
1743 1601 1744
842 1597 1749
406 1283 1574
4935 1321 1609
5000 1368 1477
4965 1352 1617
1880 1434 1520
382 1298 1643
372 1558 1771
4420 1394 1721
5296 1277 1546
2958 987 1609
5269 1548 1773
5550 1304 1531
1044 1418 1730
830 1612 1767
3823 1613 1728
1140 1592 1797
1601 1395 1499
3137 1309 1587
4504 1611 1647
5372 1063 1550
4945 1279 1521
218 1365 1699
220 1362 1763
5094 1359 1630
2841 1450 1693
2210 1392 1570
550 1347 1708
170 1313 1685
247 1478 1513
3434 1315 1519
5516 1589 1765
359 1366 1535
2517 1281 1576
1666 997 1734
161 1307 1628
6094 1587 1798
1043 1339 1602
4868 994 1606
515 1611 1641
5904 1494 1475
1809 1532 1512
4885 1279 1553
6180 1053 1557
366 1071 1570
1830 1455 1751
3655 1327 1571
5388 1599 1737
5667 1438 1483
3846 1578 1805
1687 1476 1755
453 1467 1744
5890 1454 1754
1050 1589 1807
2879 1244 1511
5351 1262 1546
5979 1341 1613
4861 1345 1610
2693 1280 1565
1321 1355 1570
902 990 1618
2352 1527 1509
4078 1433 1526
3411 1376 1518
283 1211 1607
4326 1645 1689
1834 1347 1622
1938 1402 1492
1325 1394 1772
5853 1338 1583
5185 1536 1740
44 1223 1624
2782 1351 1562
3714 1393 1509
5278 1611 1781
5418 1273 1566
5355 1309 1606
4881 1573 1635
2040 1268 1529
4310 1020 1614
5974 1012 1598
1060 1539 1733
3519 1389 1513
5198 1293 1564
2604 1471 1512
1016 1594 1760
2561 1313 1506
2750 1283 1546
2524 1193 1664
3108 1031 1619
5933 1548 1768
2490 1020 1535
4221 1413 1735
6150 1564 1769
4675 1565 1623
4822 1605 1735
854 1397 1729
4765 1599 1792
637 1361 1551
3391 1602 1798
1223 1596 1790
3121 1277 1569
4584 995 1607
4002 1368 1759
1805 1220 1630
1872 1364 1566
3250 1384 1736
3147 1368 1750
725 1377 1763
4952 1381 1509
2287 1404 1736
163 1531 1730
1755 983 1614
5237 1210 1678
3675 1456 1513
3747 1394 1730
4966 1452 1700
2189 1621 1645
4623 1390 1566
1350 1395 1573
2788 1410 1728
5616 1275 1593
5728 1376 1698
1675 1163 1571
1310 1600 1636
5916 1369 1732
3658 1309 1543
3106 1041 1598
1311 1331 1621
3989 1478 1697
3927 1272 1524
3772 1369 1521
4325 1072 1548
2067 1187 1583
3353 1296 1539
4760 1526 1721
4685 1539 1737
1145 1047 1582
1723 1529 1718
512 1308 1632
4015 1310 1542
2959 1082 1592
3855 1208 1647
3073 1606 1729
722 1381 1568
2145 1603 1592
4040 1571 1628
6191 1301 1527
1496 1539 1726
1735 1352 1568
2587 1575 1802
5571 1552 1763
425 1388 1570
2611 1419 1746
3611 1557 1779
3522 1614 1730
1015 1368 1564
5235 1627 1652
1480 1311 1659
2669 1565 1551
4034 1602 1736
1278 1562 1591
2032 1291 1545
1695 1597 1742
3768 1583 1800
910 1286 1550
1109 1456 1693
6212 1029 1611
2321 1462 1744
3575 1212 1642
5947 1198 1658
1847 1358 1640
2664 1098 1580
603 1609 1775
5122 1310 1661
2951 1027 1522
1472 1219 1556
5548 1185 1582
4894 1602 1640
6172 1297 1500
4079 972 1671
498 1541 1745
4422 1639 1672
2955 948 1652
794 1103 1553
1732 1314 1595
3226 1369 1553
1616 1459 1745
3005 1057 1532
5110 1280 1555
1374 1485 1514
726 1278 1597
5483 1225 1714
3939 1602 1642
3283 1357 1625
5522 1324 1616
2391 989 1695
1147 1015 1590
3029 1282 1675
1832 1285 1571
4473 1299 1605
5855 1329 1638
601 973 1634
3247 1282 1560
2887 1264 1536
3045 1390 1625
4969 1337 1625
2752 1315 1619
805 1311 1545
1669 1603 1781
2452 1303 1669
4725 1000 1610
1034 1485 1701
173 1322 1570
3987 1408 1746
1790 1046 1515
751 1378 1520
1348 1114 1563
764 1600 1644
3200 1290 1673
657 1382 1731
1893 1347 1633
1969 1461 1509
2618 1614 1682
1681 1295 1513
53 1506 1771
4644 1542 1733
1092 1569 1806
1466 1528 1515
3704 1050 1607
4757 1295 1495
1255 1318 1697
6160 1320 1682
4077 1262 1537
4586 1341 1510
1858 1374 1543
2844 1305 1604
3654 1032 1609
5306 1116 1572
2501 1321 1691
2857 1616 1639
6085 1620 1643
2503 1390 1504
2449 1346 1555
4661 1286 1497
3014 1341 1640
3532 1304 1596
5478 1108 1563
4258 1539 1745
4878 1565 1599
4658 1606 1740
202 1295 1510
2358 1359 1623
3560 1280 1502
5820 1567 1634
1909 1304 1674
6025 1559 1807
2396 1295 1608
5976 1378 1557
5063 1578 1640
1870 1273 1546
3812 1048 1615
1618 1110 1576
4860 1575 1548
4738 1609 1750
3036 1388 1743
1103 1453 1512
1180 1405 1752
4339 1312 1638
4024 1298 1543
477 1033 1591
2200 1039 1606
1577 1036 1501
3153 1302 1543
1779 1340 1618
2339 1068 1541
4350 1456 1739
3548 1428 1517
3059 1096 1558
3493 1433 1751
3355 992 1584
3271 1279 1490
484 1010 1573
895 1610 1628
3893 1036 1576
5710 1329 1467
375 1468 1505
5301 1553 1826
4074 1283 1493
2704 1549 1824
1225 1624 1769
10 1616 1753
2357 1284 1486
2308 1263 1562
1604 1582 1545
5589 1584 1548
4875 1496 1863
1272 1578 1539
5504 1338 1460
4828 1336 1464
5517 1268 1622
1312 1319 1482
4189 1503 1876
2793 1287 1490
1758 1620 1777
5042 1601 1765
5445 1316 1480
2173 1326 1483
5380 1416 1785
5551 1414 1762
4800 1438 1756
1985 1254 1554
625 1080 1533
3913 1442 1784
5252 1343 1460
5520 1576 1633
1793 1672 1657
803 1332 1456
5664 1231 1620
785 1273 1616
5050 1532 1858
2264 1498 1874
3994 1300 1653
741 1482 1873
2907 1427 1778
2739 1571 1817
3819 1076 1528
5724 997 1579
1511 1287 1684
5699 1009 1735
6215 1386 1576
941 1437 1796
2952 983 1589
3975 1225 1686
2979 1430 1765
3203 1211 1598
2975 1610 1636
2637 1488 1856
3058 1503 1871
3779 1111 1538
825 1672 1653
5833 1670 1657
3824 1432 1773
378 1487 1882
3901 1361 1782
3393 1271 1498
4869 1480 1505
6227 1425 1760
2532 967 1678
6119 1006 1589
6130 1066 1527
1844 1259 1595
4416 1046 1570
857 1280 1683
5367 1264 1607
4933 1618 1529
746 1581 1557
542 1537 1507
4009 1625 1773
4108 995 1595
909 978 1714
3461 1407 1765
4135 1538 1823
3798 1577 1552
6023 1534 1504
959 1247 1607
2047 1219 1606
5588 1613 1787
2174 974 1609
1813 1240 1611
4197 1545 1819
5561 1269 1626
2946 1482 1502
532 1674 1651
682 1268 1683
4395 1250 1568
46 1250 1633
1786 1426 1749
3236 983 1720
5266 1503 1875
2915 1415 1769
2493 1264 1591
5194 1311 1656
5440 1460 1503
1756 1257 1552
5852 1260 1549
5782 1298 1482
3952 1301 1485
2694 1168 1563
5386 1358 1750
3896 1211 1601
6235 1258 1544
1452 1258 1559
3541 1328 1488
6161 1363 1803
5727 1611 1743
3133 1332 1473
3906 1473 1507
3515 1017 1605
2853 1440 1770
196 1230 1604
843 1580 1818
1975 1014 1574
592 1282 1616
2995 1406 1789
3208 1410 1793
6021 1584 1539
5236 1255 1681
328 1413 1776
392 1667 1652
5913 1218 1666
2364 1230 1612
5320 1615 1793
5307 1611 1790
42 1261 1621
1188 1020 1555
2277 1251 1571
4698 1059 1521
5729 1006 1582
1901 1577 1815
6209 1629 1767
3869 984 1586
130 1559 1826
922 1312 1533
2398 1651 1694
874 1285 1699
3495 1022 1513
4270 1613 1632
679 1413 1752
264 1547 1777
457 1450 1744
4534 1469 1502
1299 1091 1530
955 1444 1758
78 1352 1439
5935 1343 1450
5758 1557 1820
1838 1260 1679
151 1586 1565
6222 969 1614
6068 1453 1766
6053 1618 1783
1776 1624 1627
1627 1494 1515
4839 1234 1636
735 1268 1613
6113 1237 1607
2484 1358 1765
1181 1619 1735
3191 1433 1788
4993 1383 1796
527 1595 1555
279 1591 1568
6116 1293 1693
3185 1424 1510
2157 1260 1565
5691 1241 1638
6020 1372 1720
1971 1012 1537
5540 1675 1666
5313 1617 1758
6019 1616 1755
5437 1281 1611
2872 1548 1784
2118 1419 1751
2512 1399 1486
6186 1616 1745
2378 1013 1567
1759 1422 1763
2236 1353 1759
429 1277 1623
3230 1238 1623
4727 1343 1758
6062 1250 1546
5964 1360 1574
3525 1487 1510
1900 1615 1742
5876 1288 1625
6017 1619 1635
3396 1492 1879
1355 978 1699
6022 1671 1647
2170 1328 1461
5100 1399 1456
1201 1552 1838
5506 1622 1747
4348 1402 1829
778 1683 1660
135 1408 1888
1368 1457 1854
4062 1010 1556
67 1458 1890
1974 1468 1835
4520 1005 1525
3311 1496 1813
1656 1116 1530
5201 1659 1709
43 1460 1790
2455 1685 1648
2162 1436 1838
165 970 1711
136 1693 1632
2815 1679 1646
1633 1410 1880
2012 1443 1817
2346 999 1554
4148 1472 1871
5764 1459 1836
2640 1679 1689
5129 1679 1684
5851 1453 1826
5915 1632 1769
3872 1276 1670
2627 1420 1893
3749 1434 1886
2314 1381 1832
1183 1330 1729
3028 1275 1635
2454 1231 1593
3379 1468 1861
4019 1627 1744
458 1534 1803
1639 1496 1818
1406 1261 1637
668 1620 1621
180 1271 1492
1965 1678 1671
1001 1389 1457
2509 1465 1779
6134 1047 1511
1159 1437 1863
4905 1451 1797
1179 1650 1721
1142 1403 1473
137 1480 1809
4624 1431 1852
4561 1411 1810
3689 1453 1782
3631 1289 1712
4951 1442 1833
1531 962 1590
2467 1461 1807
2973 1468 1762
265 1507 1823
5314 1511 1840
3623 1311 1731
3157 1642 1747
4649 1279 1697
4385 1567 1832
4137 1467 1766
3657 1277 1658
4840 1254 1692
5662 1252 1712
3741 1442 1883
2648 1029 1567
295 1461 1889
1335 989 1543
1979 1493 1844
4243 1391 1462
2848 1180 1553
3856 1248 1585
2102 1412 1808
5859 1615 1620
3920 1400 1806
1989 1702 1667
3758 1686 1653
4462 1682 1650
3946 1399 1425
2279 1395 1454
1262 1409 1836
4701 1654 1717
3146 1552 1830
189 1420 1842
852 1476 1869
5080 1259 1699
4049 1396 1812
599 1459 1867
4050 1664 1701
2233 1625 1616
4995 1569 1824
1128 1445 1868
5575 1446 1835
3192 1517 1832
1528 1675 1692
2613 1426 1900
690 1491 1839
3903 1409 1465
4370 1500 1842
5114 1023 1506
2078 1452 1868
5217 1380 1810
669 1449 1888
1048 1237 1588
2456 1516 1827
2014 978 1568
3592 1680 1666
5030 1443 1856
4450 1463 1848
1367 1680 1665
5204 1684 1675
4225 1681 1672
572 1472 1855
4886 965 1690
11 1505 1831
877 1434 1845
3830 1072 1509
3422 1658 1702
538 1239 1581
819 1461 1845
558 1317 1745
5047 1056 1508
5791 1288 1735
5166 1621 1787
2443 1680 1708
4531 1672 1698
5636 1323 1472
4508 1404 1844
1422 1500 1807
1386 1424 1869
812 1688 1680
4338 1404 1856
1924 1430 1891
5826 1207 1579
3801 1400 1467
4690 1431 1908
5903 1628 1626
4671 1577 1820
177 1428 1910
4653 1102 1534
4517 1007 1560
278 1469 1865
4205 1127 1526
3310 1309 1763
3866 1427 1799
4651 1406 1813
6148 1446 1852
2663 1061 1512
2692 1516 1800
2734 1013 1511
3415 1586 1535
3875 958 1604
1738 986 1568
5705 973 1592
5216 968 1582
5172 1577 1826
3660 1498 1888
1583 1429 1878
2949 1104 1528
3624 1429 1887
1481 1456 1874
5753 1245 1581
5120 1480 1833
4159 1454 1842
6087 1620 1764
80 1469 1879
3940 1474 1852
1588 1442 1870
2039 1105 1518
3634 1114 1530
4673 992 1565
5335 1269 1723
6058 1476 1498
3636 1465 1879
1868 995 1574
454 1510 1832
5117 1295 1731
4444 1405 1463
294 1422 1821
1075 1267 1491
1771 1270 1494
2163 1583 1823
4551 1463 1867
1902 1688 1647
471 1026 1579
721 1681 1657
1923 1468 1851
431 1440 1825
112 1174 1556
4223 1421 1875
2231 1626 1756
2974 1348 1778
543 1464 1875
2005 1669 1702
3472 1384 1802
2674 1325 1773
6074 1087 1519
1213 1674 1689
1160 1278 1715
3079 1675 1625
734 1634 1602
124 1416 1461
2741 1637 1619
405 1409 1459
501 1686 1698
164 1613 1561
5956 1006 1511
5702 1689 1692
3701 1633 1608
1770 1628 1614
5010 1592 1819
3141 1632 1617
900 1175 1530
1085 1676 1634
712 1385 1849
647 1300 1472
1121 1382 1824
1933 1062 1501
5809 1613 1808
6153 1610 1807
3983 1575 1833
3148 1633 1772
783 1667 1712
393 1679 1640
4036 1520 1819
4906 1355 1809
5031 1382 1884
4033 1055 1496
1486 1051 1500
3125 1689 1686
3188 977 1559
1199 926 1599
4445 937 1601
5965 1276 1479
6124 995 1525
2247 1069 1507
4948 1184 1540
2774 927 1607
1964 935 1623
1347 1379 1894
21 1296 1477
1317 1669 1623
1620 1284 1477
1544 1585 1506
5808 1442 1904
3659 975 1543
4254 1691 1678
1168 1568 1835
6243 1624 1610
6031 977 1554
1442 973 1539
4461 1473 1895
221 1264 1487
1591 1517 1810
347 1341 1788
5241 1664 1715
2723 1477 1894
5493 1600 1815
2629 936 1580
1267 981 1549
1436 1627 1782
6056 1021 1499
5684 983 1562
658 1454 1902
2155 1458 1907
536 1486 1894
4796 936 1607
5046 1290 1479
5279 1197 1543
3209 1303 1476
520 1119 1526
1441 963 1712
4779 1692 1682
1658 929 1618
4680 1630 1818
5661 1592 1826
4848 1407 1450
581 1566 1822
2259 1531 1787
5759 1091 1508
1187 1644 1612
4941 963 1561
954 1485 1792
705 1481 1788
5624 1472 1779
1685 1530 1793
1982 1389 1859
4365 968 1544
636 1641 1609
3687 1276 1481
5757 1470 1900
4988 1681 1641
2207 1153 1514
4774 1637 1617
856 1424 1916
2112 1686 1689
113 950 1567
1760 1625 1765
1981 995 1509
5972 965 1562
3272 1412 1453
6177 1366 1815
1707 1696 1691
983 1616 1569
594 1379 1844
1673 1338 1445
5409 980 1543
3307 1513 1811
1584 1305 1475
2237 1622 1609
6207 1471 1905
3292 1666 1621
696 1636 1604
1641 1538 1792
831 1371 1810
5884 1581 1508
300 1285 1760
4409 1290 1455
1413 1059 1490
5902 1316 1450
1330 1366 1419
3325 1070 1490
4775 1274 1472
2226 1387 1447
1557 871 1580
5739 975 1548
1848 1645 1587
4829 1634 1584
2179 1626 1572
2999 1681 1617
5567 1693 1698
5921 1199 1534
607 1162 1517
5143 1695 1694
4872 919 1600
901 1565 1873
2866 1385 1444
4393 1592 1481
4048 1655 1733
5713 1650 1596
1371 1599 1509
1552 1642 1581
5658 1313 1437
2897 1625 1482
481 1593 1516
4678 1319 1460
3746 1316 1464
2123 1654 1610
4474 1637 1596
5534 1666 1612
4902 954 1542
2111 1572 1855
4787 1635 1570
3009 923 1567
689 1156 1510
675 1339 1433
360 983 1517
3152 1595 1512
2105 1672 1609
688 1368 1430
3494 1369 1433
2779 1322 1442
4542 1488 1900
5541 1163 1513
2010 1406 1922
420 1640 1585
1881 1079 1498
1069 903 1584
1306 976 1534
4877 987 1751
3880 1168 1515
4763 1672 1732
5365 1655 1736
6192 1597 1832
1593 921 1553
114 1499 1892
4569 1360 1419
1928 1625 1575
5491 1417 1440
1887 1036 1487
2146 1177 1520
5336 1366 1441
576 1670 1613
2430 1664 1617
1467 917 1578
3883 913 1581
2856 1377 1441
5137 1591 1478
3343 1327 1435
1494 897 1577
3731 1592 1491
6027 1361 1426
4754 1657 1605
1908 1641 1600
2601 1324 1446
3328 1682 1618
480 1306 1439
1877 1308 1442
3204 985 1529
2185 1573 1858
301 947 1536
3851 1452 1922
2058 1593 1508
1136 909 1595
5391 1639 1768
5488 1299 1436
4006 958 1725
4472 947 1564
4381 1479 1912
27 1651 1593
2964 1024 1797
1276 1552 1879
290 1266 1467
2985 1333 1444
933 1319 1440
440 1672 1619
2805 876 1594
3374 1685 1611
1079 1152 1505
45 1669 1601
4850 1676 1607
2777 1672 1600
4407 1314 1789
4926 1700 1699
3606 1307 1464
64 1335 1434
4488 1273 1466
17 1373 1417
5841 1646 1605
4279 1343 1805
1353 1645 1594
6060 922 1626
1484 1063 1494
1423 1591 1497
2526 1036 1480
1778 1079 1496
5125 969 1537
2166 1659 1600
6051 1188 1536
1968 1093 1497
1939 1692 1615
6221 1689 1619
3934 1418 1450
3744 1373 1438
1298 1317 1441
5519 1572 1865
5016 881 1583
4823 1379 1437
528 917 1605
6127 1626 1577
3677 1647 1590
2858 1691 1705
1806 1664 1607
2137 908 1595
1750 1427 1918
2687 1465 1911
132 930 1528
580 1374 1864
5328 1704 1688
5036 1587 1840
5521 1589 1507
1372 872 1590
2245 1597 1499
3888 1652 1608
4094 929 1572
2323 1486 1914
2630 1015 1493
3112 1478 1917
893 914 1595
228 1362 1421
5839 956 1558
4007 1334 1799
2353 1595 1494
3464 1688 1617
5268 957 1556
1204 1193 1533
1549 1654 1612
3802 1638 1595
2679 1187 1527
1090 916 1560
2438 1327 1441
1664 1596 1832
757 928 1568
3370 1651 1609
1623 1697 1705
2190 1693 1701
5617 933 1557
5258 1595 1503
1086 1046 1482
1207 1579 1852
1186 1317 1435
5219 1367 1868
236 1334 1442
3435 1648 1585
226 1570 1867
4425 1120 1516
1820 1460 1916
3437 1310 1461
2292 1076 1499
2700 1089 1500
1185 1164 1518
5263 1656 1726
4452 1355 1834
2567 1371 1423
5212 950 1540
4166 1014 1500
5273 955 1544
4990 1477 1908
3864 1629 1558
5458 945 1691
5750 1685 1597
2019 1020 1481
5395 1021 1484
2513 1329 1411
1655 1658 1592
1448 1606 1502
2433 1309 1430
3540 1722 1678
5145 908 1623
2965 1530 1465
2258 1322 1418
3262 1591 1472
2085 1712 1695
4497 1361 1410
3662 1583 1472
2871 1651 1584
3804 1161 1504
4547 1693 1604
4618 1699 1608
4114 1271 1442
2507 1685 1606
3196 1342 1419
862 1596 1845
3777 1601 1836
287 1676 1585
5141 1703 1620
4207 1471 1932
5378 1088 1487
446 1364 1401
3275 1661 1570
3268 1586 1469
5390 1574 1869
2529 1696 1589
656 1686 1603
6183 1569 1883
925 1654 1565
2193 1462 1930
4236 1703 1617
3401 1679 1599
801 1057 1486
769 1197 1518
4944 1576 1464
3190 1349 1416
2249 1368 1410
4314 1370 1412
1937 1355 1825
5329 1707 1634
5736 1660 1577
169 1654 1578
1430 1562 1879
1967 1113 1513
1859 1177 1511
4919 888 1614
3335 871 1560
5018 1379 1407
1562 1564 1890
4107 860 1591
2404 872 1563
1214 1572 1875
259 1691 1608
704 1717 1652
6035 1666 1590
1261 1583 1463
642 1428 1450
5614 1280 1434
3252 930 1689
2770 1467 1458
1566 1674 1584
3550 1728 1679
585 1728 1673
3019 1725 1676
3567 1704 1696
3365 1354 1419
4342 1257 1466
5040 1313 1422
1471 1683 1721
1447 1677 1590
6201 1673 1589
575 1708 1624
5501 1709 1626
880 1710 1692
5466 1706 1695
4248 1708 1690
1028 1189 1517
2542 1193 1515
4750 909 1615
5831 1254 1470
5021 1492 1912
5894 1363 1398
3025 1108 1498
251 1053 1481
3003 1705 1623
327 961 1531
302 1335 1420
1322 1352 1411
4211 1045 1478
970 1698 1620
4210 1671 1580
3065 1589 1853
5087 1594 1852
3199 1710 1633
3475 1058 1482
1192 1608 1456
5527 1274 1443
5985 861 1604
2015 1343 1406
3339 1335 1416
2820 1665 1566
4557 1267 1449
4691 1663 1573
4825 1669 1595
894 1305 1803
1897 892 1581
5472 1647 1573
4143 1660 1564
1533 1407 1932
3774 886 1571
4686 1681 1591
2588 1580 1458
2133 1578 1461
2241 1711 1630
4423 888 1558
1631 1710 1629
1046 1658 1574
4741 1641 1782
2206 887 1556
903 1209 1517
3618 1318 1417
5227 1306 1433
5678 1457 1454
2048 919 1628
691 1718 1647
756 1713 1650
4274 1702 1709
5319 933 1548
4545 1701 1614
2698 1574 1463
463 1709 1645
2633 860 1595
6109 919 1631
156 1664 1586
686 1670 1575
5463 1203 1522
2934 1665 1601
4070 1292 1803
4970 889 1569
3547 1486 1918
5352 1715 1658
775 1713 1638
6001 1442 1929
5535 1324 1430
4681 1285 1431
1293 895 1583
2852 1706 1704
6185 899 1585
1742 980 1512
513 1347 1839
3793 1586 1864
3850 1717 1680
1892 942 1705
4815 894 1601
3810 1593 1462
5515 1688 1605
3692 1404 1918
3382 1339 1814
2140 1382 1411
466 1682 1607
2343 1724 1658
552 1722 1660
3068 1370 1401
1308 1481 1927
963 1484 1929
673 1708 1636
5789 1646 1576
887 1715 1690
3107 1137 1509
5170 1135 1513
5586 1717 1684
5088 1596 1839
1042 1351 1410
2457 900 1552
1839 1683 1720
678 901 1602
4170 1333 1809
1998 1566 1880
1617 1567 1456
4454 922 1681
5638 1375 1412
1270 1704 1701
2600 1645 1563
5457 1728 1665
209 1298 1427
2491 876 1563
4115 1206 1525
804 1327 1407
934 1026 1485
2789 1098 1495
4332 1654 1588
323 1704 1617
4524 1537 1894
344 933 1710
2625 1668 1570
4280 1265 1456
4398 1578 1865
5287 1598 1467
4360 1524 1464
5743 1365 1876
1598 844 1581
2675 873 1559
947 893 1573
561 875 1555
1622 1265 1463
2581 1346 1424
5417 1712 1614
2257 1700 1624
4227 1173 1508
5304 1590 1847
739 1664 1598
1581 1687 1714
4942 1098 1491
1862 936 1547
4111 1688 1720
4035 1537 1460
4972 1371 1406
2548 1699 1713
4110 976 1514
5119 884 1577
2659 1544 1893
881 1551 1889
5132 1550 1888
3513 910 1548
4943 1326 1422
2833 1578 1468
537 1603 1505
4847 1431 1928
5936 897 1563
5462 1357 1417
6084 1591 1845
4028 1389 1932
1265 1526 1895
6146 1325 1415
245 1639 1775
4477 1586 1857
1475 1454 1927
435 1583 1448
5066 1471 1455
4327 1553 1895
1635 1540 1447
574 909 1533
5436 1330 1820
5529 1717 1696
3491 1729 1688
4237 860 1563
5792 905 1681
2768 1711 1713
6066 1709 1710
792 1689 1579
2461 1685 1583
4991 1719 1688
5650 1280 1423
1751 1569 1433
2786 1335 1393
2221 840 1588
396 1744 1671
2667 1696 1720
4418 1125 1499
357 1570 1889
4522 1680 1576
3122 892 1638
4271 1519 1459
5952 1522 1457
2902 1060 1474
4008 1602 1842
1491 1718 1641
5878 1178 1500
4538 1645 1559
2305 1734 1659
3843 921 1702
4317 869 1561
4164 1497 1915
1173 1724 1649
4167 1741 1658
4783 1740 1678
3976 1510 1910
455 1316 1405
1814 856 1550
3479 1312 1817
4728 863 1661
258 1712 1703
1523 1325 1397
623 1161 1495
3673 1597 1459
4981 1647 1775
4224 861 1612
48 1619 1421
4833 1622 1424
610 907 1662
3619 1682 1570
187 1639 1550
1886 872 1672
5430 1630 1418
3330 1381 1400
26 1738 1644
4887 1728 1656
5531 1230 1481
1100 850 1598
1211 1735 1667
2017 1738 1671
32 1287 1416
2092 819 1697
5618 1724 1691
3241 952 1519
761 846 1600
4937 1581 1427
353 1590 1436
3400 1693 1719
1550 1555 1444
4242 1648 1547
6237 1099 1483
5824 1670 1562
4179 1534 1913
1323 1551 1440
1068 1336 1400
1414 1339 1397
1392 1513 1906
2116 1274 1429
5598 1367 1377
5981 1364 1393
3104 1598 1863
3076 1591 1867
116 1159 1495
4175 1685 1573
1558 1254 1455
5124 1344 1393
2084 1539 1904
142 1723 1692
4411 1630 1425
914 839 1555
5641 1618 1445
4324 1238 1470
413 850 1530
713 1735 1661
6107 1561 1447
5533 1581 1876
3221 1015 1477
2562 1578 1885
5371 903 1539
1996 1612 1435
3625 880 1647
1718 1721 1636
30 1705 1596
953 1354 1389
6002 871 1540
4436 1685 1576
1277 888 1666
4446 1617 1436
3782 897 1699
2895 1093 1475
1194 1552 1906
3918 1475 1451
1369 1631 1434
3788 1631 1438
6013 838 1595
2896 915 1543
3642 1336 1384
4509 1369 1396
666 1547 1452
1138 1271 1431
3231 861 1673
1624 1261 1451
4987 1622 1432
1424 853 1685
6005 1725 1637
4809 1247 1461
1433 1244 1464
1517 1183 1507
5318 848 1609
5323 1719 1690
3320 948 1521
2931 1355 1400
4263 1343 1384
834 1204 1512
982 1733 1676
5441 1563 1447
905 1202 1505
2550 1735 1682
5384 1343 1397
1219 1559 1896
4622 1607 1435
398 1378 1397
5652 1626 1421
1387 925 1734
4598 1691 1549
1292 1679 1565
793 880 1632
3061 1052 1473
5271 1314 1413
4735 1418 1930
5311 1722 1685
2538 1447 1446
4897 1313 1409
3984 869 1576
3617 920 1730
5396 1599 1447
4269 1596 1446
2031 1029 1476
4082 1532 1461
1894 863 1567
3968 1612 1421
318 1546 1908
198 1435 1444
5630 854 1571
2961 1574 1452
5165 1535 1449
6170 904 1635
3372 993 1493
4424 1564 1896
2141 1127 1501
3132 877 1546
758 863 1628
1536 883 1643
3826 1649 1554
4980 1544 1451
3037 1519 1908
3177 1136 1503
3762 1710 1708
5731 1454 1451
1619 1278 1427
4603 1623 1440
3237 1603 1463
417 1541 1451
534 1349 1872
5648 1065 1473
223 1678 1559
1281 1432 1446
3697 1470 1945
4708 863 1710
117 1719 1700
937 1458 1445
4973 1613 1449
5069 1507 1907
2970 1000 1494
2725 1652 1773
5412 1545 1900
4218 1603 1459
5182 829 1586
5659 842 1545
687 1302 1417
2038 884 1679
1139 1732 1683
3590 1665 1559
4088 983 1490
2617 1721 1629
4689 1718 1628
4233 1092 1485
4044 1664 1553
2091 1611 1432
4296 1731 1668
747 1643 1788
3352 868 1656
790 1570 1452
2753 1429 1419
5997 1643 1553
3047 1526 1900
2498 1309 1417
66 1337 1395
3563 917 1670
981 878 1533
5096 1719 1625
3683 1622 1445
3791 1706 1706
1553 1597 1441
6206 1711 1598
6117 1624 1405
4806 1625 1428
4903 1517 1458
3852 1557 1903
3350 843 1560
929 836 1707
434 1358 1391
3063 1628 1416
3077 879 1625
2584 1212 1503
3733 1657 1558
229 1327 1390
2496 1428 1438
385 1604 1444
4744 886 1674
5032 1607 1463
2535 1612 1426
4567 1741 1663
248 1368 1916
4864 1610 1859
2719 1527 1452
6121 1387 1406
4724 1633 1420
3486 1629 1423
3364 1602 1849
5785 1723 1695
2519 1317 1401
2471 913 1663
4315 1500 1910
4458 893 1638
1303 1069 1471
3570 844 1537
5835 1723 1682
2894 1625 1413
5697 1747 1672
2607 862 1571
1749 1674 1574
2929 847 1542
5061 972 1509
5732 1337 1866
2415 1112 1491
1174 1387 1389
52 1377 1401
5075 1327 1395
4217 1601 1442
2717 874 1601
5123 1554 1437
2304 1538 1456
4443 850 1707
5560 1642 1543
4984 876 1644
4363 1649 1770
3454 1730 1653
3111 904 1652
5920 917 1536
809 1252 1457
635 1617 1419
3092 971 1768
97 1673 1557
3739 1250 1447
3720 1654 1759
3545 877 1683
4335 1321 1396
4244 1463 1451
677 1692 1725
4654 1531 1458
5340 1579 1437
5490 1326 1402
275 898 1659
4161 1308 1407
1734 1277 1432
2033 1583 1429
18 1719 1693
1972 828 1714
4778 1549 1450
3586 1746 1665
4138 1343 1875
2767 1523 1462
4753 872 1574
201 1607 1451
2967 1541 1456
3359 1636 1549
2968 959 1514
6163 865 1642
4946 1170 1495
569 1325 1813
1459 1572 1898
1773 1084 1477
5832 1702 1723
2653 1698 1719
2288 857 1648
3216 1686 1568
4212 1664 1753
2178 850 1564
4893 1653 1559
3889 1350 1403
2685 844 1710
814 883 1542
335 901 1534
5700 892 1538
2650 859 1537
4736 823 1720
3664 880 1605
3814 1316 1402
468 861 1623
1327 1564 1900
965 1336 1391
3759 1257 1446
5116 1308 1403
4180 1654 1433
3280 1613 1456
1333 1154 1498
2203 896 1530
1037 1325 1400
162 863 1535
3726 1672 1571
3498 892 1643
5385 1724 1645
4959 1318 1411
1361 872 1551
3753 868 1536
77 1353 1406
1603 1732 1674
2818 858 1576
1720 1554 1899
2709 1606 1448
3103 1531 1440
1729 1546 1455
2541 1296 1419
2551 1232 1474
2769 871 1641
5479 1220 1497
4663 842 1515
553 845 1517
2661 1595 1421
1610 1561 1906
3961 1730 1536
4637 1618 1393
79 1541 1915
6061 1074 1467
232 830 1554
3197 1349 1368
1824 1727 1624
5777 1410 1402
6211 1437 1411
3536 1435 1416
1054 1592 1402
6067 1693 1528
3484 1691 1531
96 790 1683
5276 1708 1534
3455 1567 1907
2559 1030 1461
4550 793 1671
5949 1188 1496
4134 1659 1554
3817 1729 1701
1926 1571 1906
5317 1667 1758
1567 1669 1754
6106 1665 1756
2622 1603 1431
4220 1606 1428
6091 1713 1579
602 1557 1420
4376 1760 1649
5818 1709 1582
5448 1733 1533
5752 1731 1630
4619 846 1630
4795 1652 1789
6154 1650 1538
490 1756 1666
1135 894 1523
4253 1416 1401
3539 1721 1551
4467 1710 1546
4900 1385 1963
5862 1617 1405
4373 1107 1478
2935 1581 1393
4292 1764 1659
4303 1636 1394
1341 1323 1387
3313 1674 1548
312 1268 1428
1119 1736 1694
4664 1732 1691
3417 1234 1468
521 977 1501
3441 1465 1439
2427 1761 1649
4638 1239 1456
482 1562 1414
4203 1427 1430
4290 1529 1928
3489 1601 1398
1863 825 1605
5498 819 1563
1535 1674 1545
5444 1632 1405
4146 832 1569
5797 1163 1490
1169 1426 1411
1827 1354 1372
3338 1605 1413
1284 1600 1413
3510 1659 1776
3792 1698 1728
2754 1752 1651
2494 1572 1406
1774 1712 1541
4247 1599 1424
2303 1738 1549
6114 1743 1524
5858 1728 1540
2864 1128 1481
2156 875 1712
1314 823 1578
2474 1705 1583
412 1702 1557
5316 1650 1507
2317 1637 1509
1315 1486 1931
2997 1704 1544
4026 855 1520
1726 828 1565
4061 831 1560
3986 1253 1435
2842 1613 1396
3006 790 1692
3163 1246 1446
2216 1335 1372
5475 865 1729
5673 1578 1404
3466 1573 1391
1609 1576 1396
4289 1252 1425
56 1578 1903
6175 1693 1566
118 843 1665
1746 1520 1446
3653 1100 1471
2875 1703 1579
5967 1801 1632
3443 1690 1742
1959 1717 1600
2620 1279 1411
3088 1606 1441
4699 791 1675
2606 1362 1959
3685 1461 1434
4998 1458 1437
4390 1706 1581
3450 1584 1421
4093 1550 1922
3959 1437 1435
2395 1432 1430
2094 1605 1849
2087 1268 1418
3821 1502 1921
1889 1590 1391
2790 1723 1703
1819 1725 1702
1488 1702 1519
2765 1707 1532
5545 1585 1415
3260 1175 1486
4876 1454 1438
908 1591 1414
1021 1606 1398
1495 1697 1562
3964 1007 1480
5740 1719 1540
4938 1697 1735
962 1603 1856
3332 1510 1448
5901 1477 1443
4901 954 1754
341 1018 1469
3707 1595 1434
6241 1698 1573
3448 1661 1536
3756 1658 1540
611 1064 1467
5613 1594 1410
798 1708 1555
3958 1241 1413
4455 1141 1489
3169 1447 1417
2504 1582 1401
2462 1578 1397
1940 1382 1383
931 1718 1527
1919 1301 1405
5596 1573 1409
1572 1620 1400
5568 1627 1395
3207 1604 1439
1083 1327 1369
3881 1693 1732
6199 1689 1569
5592 1690 1571
6142 1722 1527
5261 1569 1419
5489 1066 1457
5737 1598 1404
3459 1593 1408
6037 1308 1396
818 810 1691
1515 1655 1543
2791 1668 1549
1078 815 1693
4487 1656 1771
7 1084 1470
380 1420 1416
1164 1066 1463
1084 1741 1690
3183 906 1525
3218 1551 1421
5626 1550 1421
2797 1705 1566
6026 1540 1429
4173 1617 1392
2161 1346 1900
5810 1614 1402
2932 1321 1376
1871 1430 1951
70 1708 1537
3083 1625 1400
1556 808 1686
1661 806 1682
4595 1607 1404
6115 1609 1425
2437 829 1543
5068 1200 1500
870 1700 1743
618 1648 1794
6205 1206 1493
2243 842 1573
5327 1210 1496
1640 1595 1394
3925 1566 1404
529 1675 1555
5078 1086 1464
5246 1096 1473
296 1552 1918
5058 1700 1542
4590 1519 1924
4594 1721 1593
3926 1723 1539
1512 1720 1532
4492 1650 1533
5105 1295 1404
777 1316 1379
1157 1695 1574
1499 1593 1429
1449 1682 1751
3281 1233 1451
2057 1048 1466
3312 1665 1545
1045 1579 1411
1736 874 1528
662 1717 1603
4058 800 1670
437 1695 1534
2138 836 1523
4321 1140 1496
2468 1590 1879
3729 1682 1559
1850 1354 1363
3885 1350 1367
2276 1605 1418
3446 910 1524
2658 1433 1427
651 1430 1431
311 1335 1928
1041 1663 1763
2944 1742 1702
926 1737 1687
5778 901 1521
5449 1638 1399
6059 1716 1588
4696 837 1537
4192 824 1600
3035 839 1569
1099 1710 1717
401 1700 1566
5177 1225 1473
2069 1205 1494
4732 1209 1498
1869 1597 1876
104 1373 1945
266 1133 1492
1789 1265 1416
3134 1447 1437
3867 1515 1450
1534 1665 1544
1273 1643 1399
5368 1639 1403
5780 1656 1770
6007 833 1611
2025 1654 1537
1856 1658 1548
3282 1220 1481
376 1673 1548
4127 1682 1557
2742 1722 1599
5257 1676 1533
1529 1587 1398
1404 1663 1545
3385 1591 1423
1435 845 1634
4759 1493 1923
1611 1610 1406
742 1474 1445
4645 846 1637
6038 1354 1920
5139 1560 1425
4668 861 1523
1058 1700 1575
4940 1312 1383
3577 844 1572
1197 1338 1368
3776 1610 1413
4498 1716 1708
1905 1513 1923
545 1700 1540
3979 1596 1431
5577 1400 1392
3492 1396 1396
2103 853 1736
851 825 1585
5109 1587 1424
6229 891 1521
3447 1417 1411
6050 1691 1737
6102 1706 1578
1403 1515 1392
2064 1468 1443
1740 832 1536
4219 1346 1371
1657 1726 1571
5497 1712 1568
3198 1444 1421
2930 1611 1848
5593 1355 1933
1654 1336 1366
5004 1427 1948
5523 1662 1766
4983 1714 1603
1251 1514 1452
714 1234 1426
6233 948 1516
6187 1725 1543
728 1608 1403
4956 1610 1391
3136 1519 1917
370 850 1512
5262 1346 1365
2000 1714 1535
3950 1351 1378
3834 1710 1577
2485 1714 1338
681 1610 1408
2927 1481 1449
68 1613 1868
4361 733 1635
1301 793 1695
2776 1420 1948
6140 1645 1544
3395 1232 1440
1218 1646 1538
5966 1637 1512
5353 1467 1448
1006 1653 1778
3340 1109 1486
1629 1478 1446
4879 846 1530
3010 1542 1926
2225 1707 1571
4051 1337 1376
1497 1549 1435
5303 1262 1424
3041 1211 1475
3402 1222 1485
5748 1441 1413
4302 1698 1530
1772 1319 1393
1994 808 1696
4193 1542 1434
5334 1634 1410
2410 1584 1404
5167 1314 1397
1033 1202 1494
4336 1615 1410
1930 798 1705
5291 1495 1929
1457 841 1620
4536 802 1687
2695 836 1553
4496 1558 1430
3080 1663 1774
3295 1413 1942
2088 1599 1399
3017 1605 1407
6145 1676 1750
2572 1326 1380
5286 1649 1785
1264 1241 1448
4249 1609 1424
364 1558 1912
1096 1662 1761
5856 844 1522
4541 1632 1400
2598 848 1526
1059 1686 1750
3535 1347 1929
1831 1566 1409
1400 943 1521
1708 902 1529
428 839 1528
2515 787 1688
1645 1695 1735
31 815 1672
4626 1146 1490
6242 1562 1425
5205 1048 1468
2854 1442 1432
6169 837 1678
3140 884 1721
4191 814 1654
2266 904 1521
1644 1702 1535
3039 1609 1417
2575 1340 1369
2913 1258 1437
5344 1695 1575
239 1729 1766
2270 1664 1767
2298 1427 1945
5375 1172 1494
4020 848 1575
2868 1547 1436
1208 809 1708
2340 836 1664
5456 1607 1398
5865 1595 1411
386 1124 1490
871 1291 1408
5082 821 1739
6176 1537 1921
3558 1199 1483
5579 1257 1390
3482 1548 1925
6125 1187 1481
4548 1712 1514
915 1685 1524
2566 1689 1528
1177 1459 1430
6110 1503 1441
5793 1405 1387
2338 1249 1397
1235 805 1581
4122 1272 1407
4924 1481 1442
5528 1230 1432
3467 951 1510
4490 949 1513
1683 1758 1521
3477 1758 1544
3440 1718 1517
1883 1361 1365
5131 1239 1400
4493 1722 1509
1357 1482 1432
1256 869 1515
3948 1063 1452
5037 1297 1396
313 1596 1892
4343 1731 1587
732 1256 1395
3931 836 1510
2718 1341 1358
1602 833 1514
2055 1655 1527
6173 811 1625
3324 1758 1514
5601 1725 1511
5747 1411 1390
5451 1551 1926
1745 1243 1433
3329 1408 1970
4251 1751 1509
1855 1753 1513
649 908 1516
5076 1447 1425
3287 1587 1898
1190 1589 1896
2273 1609 1866
2943 821 1762
784 1415 1966
4427 1308 1378
5632 1659 1495
3418 821 1544
4437 1754 1530
622 810 1593
1274 1722 1515
984 880 1519
5073 1624 1860
2641 1457 1414
6101 1744 1503
3612 1733 1514
2265 1299 1391
1660 1716 1514
1407 1223 1429
2229 920 1515
1141 1253 1398
6097 799 1678
2730 1295 1399
1114 1735 1498
41 1427 1404
1269 1357 1355
1690 1605 1870
4415 1753 1543
2597 1755 1545
2261 1466 1436
2799 1185 1481
4855 1434 1402
1518 1431 1401
1803 1469 1426
4693 1200 1479
216 813 1555
3167 1656 1785
5738 1615 1851
3234 1244 1408
3228 1461 1412
3752 942 1767
5435 1292 1399
4740 1318 1367
2434 1583 1907
4331 818 1556
86 1228 1420
3309 1225 1422
100 1741 1500
964 1752 1540
3366 1750 1537
3354 1445 1404
63 1271 1413
2635 1733 1561
4734 1559 1928
4849 1717 1521
655 1733 1503
171 1730 1517
5346 1725 1508
374 1446 1411
2418 1738 1506
4896 774 1725
6086 1619 1866
4 1757 1503
3416 1372 1971
3004 1228 1455
5414 1671 1524
1564 988 1479
3427 1573 1917
5382 1574 1920
4747 1236 1410
2917 1386 1968
4599 823 1531
1236 1410 1960
4726 1730 1504
5020 797 1656
5838 1433 1408
2547 1603 1866
445 1760 1542
604 1232 1403
5879 1062 1455
1650 1610 1879
1612 1731 1501
1586 905 1514
5026 1349 1353
997 1476 1439
5008 815 1561
2555 1746 1496
47 1614 1881
5387 1225 1434
3884 1229 1430
4961 1756 1504
5097 1514 1443
4491 1500 1434
5420 806 1673
2062 1612 1849
1818 1328 1366
4964 1713 1563
2549 1253 1411
4386 1729 1500
1885 1238 1425
5768 1258 1419
1539 1540 1422
1421 897 1516
222 816 1637
3973 1669 1517
4344 1722 1505
2885 1193 1490
3154 1277 1406
4635 812 1605
1857 810 1601
4731 1263 1409
2563 1713 1525
1022 1726 1504
4169 1350 1359
2677 1535 1422
4803 1762 1515
5574 1239 1440
5784 944 1758
3870 1268 1413
2073 1112 1471
665 1610 1892
4126 1333 1915
4064 1519 1934
5615 1294 1397
5766 1717 1503
2475 1661 1519
1916 1274 1412
2710 1428 1423
274 821 1583
4459 1670 1542
1439 1759 1530
2348 1730 1508
2131 1753 1547
2390 1749 1543
227 1639 1393
4178 1176 1483
750 1216 1404
808 1228 1414
1957 1237 1422
526 1214 1458
6083 796 1748
4264 825 1534
6069 1740 1538
4766 1715 1553
3346 1443 1409
487 1659 1530
1389 1310 1944
2042 801 1576
5823 1660 1528
12 1006 1472
4362 1717 1524
2682 1487 1437
1606 829 1634
5322 1381 1374
215 1444 1401
985 1448 1401
5934 1748 1535
3105 1232 1417
1105 1750 1496
5179 1174 1483
3669 1326 1948
3002 1663 1512
1066 1665 1511
5171 1251 1400
3413 1350 1972
3595 1645 1395
138 1087 1449
4096 1078 1454
6014 946 1508
5093 1335 1360
1156 774 1686
835 1736 1494
3060 1665 1486
3341 819 1529
3604 1744 1501
5553 1424 1403
1331 1331 1963
3754 1303 1390
2766 1746 1509
2479 823 1628
2402 1662 1527
303 858 1506
3861 820 1539
3828 1737 1510
2832 1641 1389
4918 1712 1558
5251 1238 1420
3123 1243 1422
5465 825 1517
289 1259 1414
2880 1048 1456
1825 1306 1389
2315 1718 1513
394 1601 1874
4834 1219 1426
945 1507 1443
2408 1713 1505
4328 1467 1437
2702 1222 1449
1007 1290 1402
3386 1369 1963
3858 1224 1461
2282 1408 1400
73 1511 1929
1451 1484 1443
470 1358 1353
2204 1355 1356
3648 1223 1414
2920 1222 1448
2678 1657 1517
1599 1397 1394
5633 1183 1487
1966 1442 1954
5644 1603 1884
1990 1217 1451
5937 1309 1382
628 1295 1393
4120 1458 1426
5267 1165 1476
2196 1723 1496
5769 1718 1498
3499 1248 1421
4552 851 1766
1727 1514 1937
6003 1643 1390
1878 1246 1430
897 1263 1395
5836 992 1478
4262 1405 1956
5343 1509 1938
2670 828 1514
5240 942 1514
3998 910 1512
4805 1218 1462
5721 1728 1523
3593 1505 1445
4190 1510 1441
2481 1451 1425
1203 1727 1594
5232 1657 1793
1024 1310 1369
1561 1753 1536
6089 1332 1361
3150 1436 1960
817 1762 1538
1112 771 1696
566 767 1702
3708 1736 1559
2697 1733 1556
508 1662 1781
2188 828 1529
3480 1158 1484
6152 1470 1432
548 1663 1530
83 821 1666
3094 1712 1523
1794 832 1519
2672 1061 1459
3825 1707 1549
639 1344 1362
912 809 1551
5376 1595 1900
4575 812 1610
5639 1658 1788
3859 1349 1964
3508 843 1505
5953 1504 1938
3651 1718 1508
5102 1712 1513
789 1317 1375
3172 1456 1963
4206 1654 1492
2275 1307 1386
4672 1241 1397
5803 810 1581
3421 1534 1426
5714 1450 1429
5507 848 1510
5719 1189 1482
1925 1249 1412
4752 1318 1366
4341 878 1520
6077 1256 1406
1504 1259 1407
2716 813 1570
4824 1510 1933
4957 1405 1397
1161 1173 1475
1530 1486 1439
5741 1364 1970
1416 1662 1783
4977 802 1563
3383 1620 1864
1815 816 1609
5984 1655 1497
2624 1126 1469
2971 806 1596
2383 866 1752
5715 1744 1492
2152 902 1517
6224 1483 1955
2098 1620 1874
1426 1309 1932
108 1303 1843
3808 957 1502
1934 1492 1436
4136 1658 1798
5370 1234 1423
3514 1545 1422
5248 1683 1476
2325 1239 1391
4066 1740 1564
4712 1679 1499
5873 1135 1459
5494 1676 1504
1455 1684 1492
2614 1687 1496
2827 1302 1898
2217 1764 1487
4874 1051 1450
3803 1751 1451
4802 810 1534
3938 1752 1485
6040 797 1581
5190 1672 1462
1753 1665 1797
3423 1377 1360
4457 1394 1374
3646 938 1507
167 1468 1407
1263 792 1560
2219 879 1509
3573 1595 1914
2172 1603 1910
6141 1734 1462
2845 1756 1491
2022 1754 1495
1409 1192 1467
369 1271 1384
4818 1386 1357
3955 1139 1473
3174 1666 1464
2359 1745 1486
1788 1748 1561
5432 1745 1450
5830 1742 1448
4099 1579 1384
3942 1752 1454
450 1774 1512
2745 1772 1514
5425 1551 1418
3511 1397 1377
5692 1679 1468
3031 781 1654
5725 1454 1391
3649 1445 1381
2255 1594 1389
3755 1312 1363
2400 1425 1378
2060 1748 1569
6049 1745 1565
4319 1666 1480
2651 1407 1378
472 1734 1487
3254 1204 1457
3686 796 1618
1542 1737 1478
878 1440 1377
1810 1769 1497
5829 1210 1440
4612 1401 1382
1829 1302 1372
349 1682 1519
4563 1230 1395
2403 1741 1560
4962 1756 1462
3027 812 1536
1118 1726 1487
4553 1503 1943
5962 1692 1502
799 1392 1359
3954 1349 1338
3597 1424 1379
1329 1697 1507
4482 1743 1558
3342 1557 1939
395 785 1610
2495 1392 1372
2830 1689 1471
5585 1675 1477
2239 1777 1540
5455 1675 1511
5887 1735 1476
1401 1267 1389
4260 782 1581
321 1730 1467
1846 1682 1460
184 1723 1456
3737 1744 1460
5292 1181 1459
2657 787 1576
4604 1338 1341
2683 1418 1386
1560 1334 1339
4669 1329 1977
2440 773 1667
2569 1328 1355
2263 1386 1371
4634 1436 1387
4241 1771 1536
567 1741 1574
3580 1737 1577
6139 757 1693
4610 1474 1422
2589 1562 1398
4516 1433 1394
1202 1150 1469
999 800 1546
3414 1355 1337
2335 1347 1336
1130 1351 1339
3202 1289 1388
4518 1764 1525
2740 1729 1478
1621 1733 1474
3038 1193 1457
1427 1421 1392
549 1676 1781
5591 1416 1385
2794 1722 1480
1454 1609 1875
271 1774 1532
3589 1553 1409
1358 803 1536
2972 1440 1394
4837 1583 1919
29 1742 1463
8 1700 1505
1463 1452 1399
2256 1333 1345
5011 1610 1899
3700 1750 1480
1570 1728 1464
272 1670 1479
4075 1685 1516
1551 1740 1477
1638 1669 1497
4674 1672 1494
3667 794 1610
5115 1753 1562
4299 1737 1469
502 802 1593
4399 1583 1385
2313 1760 1553
4412 1761 1549
2363 1764 1528
1411 1663 1472
5722 1670 1509
1151 1563 1401
4284 1740 1456
4378 1777 1537
3571 1673 1507
2727 1738 1479
1961 1574 1925
616 1335 1352
4729 1751 1463
1962 790 1597
5348 792 1648
1040 1770 1485
1988 812 1521
497 1428 1387
5619 1478 1417
4593 1327 1347
3904 1187 1459
5877 1683 1484
5431 1696 1511
624 1760 1480
4430 1734 1483
3501 1371 1353
4141 1726 1462
865 1208 1447
212 1046 1452
3321 1769 1503
3876 1481 1962
4639 1754 1475
3914 1142 1475
4447 1201 1446
4150 1772 1523
107 1675 1465
5161 1737 1582
5377 1607 1892
5140 1507 1946
2046 801 1551
4656 1597 1904
627 1662 1498
1399 1771 1504
2804 1350 1331
3728 1764 1534
786 1534 1944
4027 1757 1486
4526 1228 1399
1289 1774 1544
4403 1758 1454
1206 1370 1364
1342 1768 1481
932 1577 1386
4162 1747 1558
531 1427 1978
674 1671 1486
995 1678 1485
3223 1774 1501
772 1666 1490
4201 1499 1944
4414 1195 1446
716 1342 1339
2802 1367 1351
3839 1196 1467
322 1667 1508
4963 970 1482
4442 1351 1349
4895 1723 1473
2470 1670 1787
6188 1057 1451
3424 1207 1444
3246 1768 1546
1250 1195 1427
2860 1754 1554
3072 1447 1386
4510 921 1509
6071 1663 1466
2150 1770 1519
958 1749 1551
4648 1680 1479
5213 1669 1511
3599 1617 1882
1840 1766 1542
2291 1305 1362
5693 1761 1543
2290 1442 1395
3470 1379 1984
5162 1254 1404
2632 1675 1491
4786 760 1739
1266 1004 1460
2008 1685 1504
203 1579 1388
5883 1437 1379
2636 1776 1525
3844 1374 1353
430 1768 1531
1826 1294 1381
5474 1681 1508
1231 1336 1345
4821 1726 1494
3488 1339 1336
4400 1680 1494
670 1691 1498
5083 1730 1465
1275 1213 1425
285 1669 1461
6044 1203 1468
2505 1743 1480
3531 1200 1424
5 1369 1359
81 1737 1460
4086 1119 1462
2599 1224 1397
2154 1054 1448
1166 796 1636
2706 1744 1560
4958 865 1510
3564 1727 1468
125 1322 1354
4068 1315 1361
149 1749 1454
540 1214 1437
3632 1391 1377
291 1763 1494
4804 1499 1940
3572 1291 1388
4499 1669 1468
1699 1568 1393
1898 1748 1554
5812 1395 1376
1997 1678 1514
2552 1359 1349
3871 1352 1341
4273 1667 1787
1381 1354 1345
5234 1301 1384
695 1339 1350
3096 1211 1448
1364 1330 1354
1816 1547 1943
1087 1778 1541
231 1421 1387
254 1459 1402
4647 1629 1869
791 1418 1378
3062 1733 1469
2165 1761 1497
5663 1731 1493
6073 1602 1898
3211 797 1593
4857 1342 1350
5158 828 1510
6164 818 1516
4617 1157 1467
2366 1689 1510
1951 1522 1943
158 1203 1418
3299 789 1586
3227 1769 1527
2738 1473 1415
1320 1607 1885
3399 1398 1380
2511 1574 1934
1122 878 1751
4777 1183 1473
3018 1362 1344
989 836 1501
5509 1665 1475
5640 1780 1492
5135 1790 1482
3304 1777 1494
4176 1676 1459
4871 1756 1499
1787 1404 1378
3143 1769 1543
404 801 1614
927 912 1505
2798 1718 1462
1395 1775 1520
6230 1778 1522
4188 1302 1378
3195 798 1603
3300 873 1507
923 1407 1385
4572 1270 1403
5606 979 1477
4535 1693 1513
2300 1309 1365
645 1288 1391
5423 1191 1434
191 802 1542
3935 1719 1475
500 1338 1347
122 787 1622
4213 1160 1472
134 1171 1463
1836 1363 1351
208 1362 1336
3460 1359 1329
4226 1738 1482
4023 1232 1396
1242 1743 1466
2703 847 1502
917 1736 1486
2024 1773 1526
3451 1371 1981
2043 806 1525
4549 808 1527
3239 1673 1474
5189 1532 1940
5045 1467 1423
5325 1518 1940
3626 985 1475
1470 1764 1501
3568 1334 1348
1548 790 1754
768 1304 1367
2439 1271 1392
4640 756 1726
4581 1769 1510
1677 1009 1457
4268 1739 1568
3598 1210 1413
1766 1367 1986
5442 1503 1436
2785 1766 1493
3561 877 1760
4479 1203 1438
4183 1325 1356
4037 1739 1491
2652 1121 1461
2139 1544 1937
584 988 1468
1011 1133 1466
2191 1069 1447
5625 1776 1491
4564 924 1511
3322 1448 1375
2199 1191 1437
2892 1614 1889
3279 1222 1396
5111 929 1509
920 1692 1503
2808 1282 1389
832 1374 1365
4171 1685 1512
5358 1710 1461
4285 1669 1471
3502 1273 1378
3438 1317 1861
1062 1199 1434
5464 1777 1529
2840 765 1741
4312 1280 1398
1768 1780 1528
4230 1210 1459
2405 1719 1465
175 1750 1487
4101 1727 1458
2924 1485 1426
3217 1346 1344
1636 960 1497
966 1743 1578
1514 1397 1383
2819 1781 1520
5299 1414 1388
4606 1779 1510
5681 1741 1475
810 1766 1524
1285 1399 1371
2399 1676 1501
4031 1756 1482
5357 842 1495
4788 760 1714
3051 1208 1420
2387 1747 1574
1170 1780 1517
853 1479 1422
1977 1498 1950
1391 1732 1448
2184 1298 1386
991 1205 1428
3602 1262 1400
2986 1747 1457
34 1688 1504
3128 1666 1501
4209 966 1488
571 1179 1469
4608 1769 1535
1019 1674 1781
3149 789 1607
4630 1442 1966
2536 770 1676
263 1671 1792
2375 1668 1791
5610 1214 1453
2539 1689 1521
511 755 1698
3807 1304 1931
5733 1761 1487
4947 1374 1348
2714 1418 1357
4346 786 1559
1344 1416 1364
1704 990 1463
6009 1335 1318
3972 793 1537
182 1428 1367
1682 1346 1285
5986 807 1520
6065 1792 1521
3220 1788 1497
2036 1784 1470
4771 1786 1465
5015 1379 1280
1150 1798 1472
3569 1612 1910
475 1607 1906
5544 1381 1336
2976 1628 1380
4234 1269 1377
781 1703 1463
1595 1460 1395
270 1354 1300
924 1430 1366
2784 1537 1951
795 1539 1953
4471 773 1663
1396 1756 1467
2132 1592 1379
2013 1605 1380
330 1426 1343
2828 1422 1339
3620 1215 1392
5281 1349 1282
3679 832 1497
3682 1619 1897
2545 1410 1349
3787 1359 1287
2520 1360 1284
5422 1714 1494
368 1719 1491
3721 1194 1419
744 1414 1375
505 1125 1446
4394 1408 1338
1014 1430 1336
5794 1619 1385
973 1621 1389
5919 1449 1340
4046 1734 1443
2691 1424 1373
5154 1619 1903
442 1435 1343
1473 1424 1353
6159 1442 1363
145 1367 1297
6093 1781 1538
621 1164 1450
3905 1790 1513
1212 1788 1515
5060 1333 1322
3730 1330 1326
949 1804 1474
1918 1803 1478
1 1708 1482
5558 1773 1481
2811 1692 1459
3688 778 1607
633 1414 1330
1233 1101 1445
5787 1789 1524
1217 1420 1369
3056 1793 1504
3245 1291 1365
1035 1335 1315
89 1623 1895
4300 1760 1449
2322 1393 1347
5270 1408 1347
4676 1380 1343
5645 1706 1508
1585 1705 1502
6166 1674 1787
473 1109 1442
213 749 1717
5846 1326 1993
650 1670 1803
2571 1667 1811
3066 1689 1446
1031 1439 1981
2849 1351 1277
4801 1692 1454
1432 797 1539
4909 1264 1373
153 1284 1380
1117 1338 1298
5708 1337 1327
2061 1483 1411
5897 1696 1447
3610 1292 1374
262 1185 1421
4546 1421 1334
3118 1429 1331
2645 1425 1335
148 781 1570
308 1396 1356
452 1452 1344
3526 1365 1326
1200 1789 1503
693 1372 1288
6171 1443 1362
4533 1009 1448
2591 1738 1440
3615 1706 1467
518 1448 1353
4391 1442 1356
4196 1712 1496
3833 1570 1374
1417 1382 1275
3126 1739 1438
612 1801 1487
5133 1384 1302
3284 1415 1368
773 1409 1368
952 1464 1970
4494 1354 1315
4953 1802 1493
3698 1702 1466
5975 1179 1419
4862 1355 1291
2534 1363 1315
565 1347 1329
6144 1363 1301
986 1300 1965
474 1713 1486
1013 1343 1292
4222 1399 1333
2732 1389 1295
6219 1163 1455
4369 1425 1371
3298 1739 1441
886 1789 1532
4102 1704 1493
826 929 1500
703 1704 1460
2595 1375 1295
2369 981 1471
252 1582 1944
2397 1762 1461
4792 1344 1281
5203 1387 1279
5243 1751 1471
2326 1732 1437
2066 1777 1458
3463 930 1791
5231 1579 1376
4232 1373 1292
4707 1692 1487
2050 1313 1351
4432 1430 1338
4322 1371 1294
3699 1369 1339
1095 1693 1443
2565 1699 1440
1730 1406 1362
1600 1399 1347
824 1159 1444
5881 1597 1920
2393 1442 1349
1359 1441 1352
4392 1343 1309
2543 1311 1354
2254 1440 1342
1575 1407 1371
2169 1435 1356
4705 1439 1360
1821 1390 1291
5001 1430 1348
3127 1379 1317
1010 1411 1359
5827 1252 1384
141 1385 1301
4506 1388 1303
2888 1578 1380
5309 1453 1350
3323 1188 1424
5250 1171 1452
4851 1383 1279
2108 1274 1367
2990 1452 1371
1587 949 1492
4380 1428 1362
2962 1589 1372
2649 1322 1329
1376 1427 1356
1811 1385 1348
4782 1092 1440
5476 1095 1444
2296 1627 1384
2510 1411 1353
4045 1198 1404
1569 1695 1498
5932 1373 1301
4746 1319 1344
1973 1403 1353
5496 1760 1466
724 1769 1444
1038 1280 1379
811 1415 1349
4065 1685 1449
992 1394 1297
2213 1790 1498
5289 1786 1495
3557 1352 1321
5654 1484 1969
3516 1473 1401
4799 1404 1330
5469 1450 1358
4748 1112 1445
427 1567 1385
5922 1406 1351
2003 1364 1304
1519 1753 1444
5514 1775 1472
4596 1366 1305
1489 953 1491
5034 1383 1341
373 1303 1354
5542 1307 1347
2168 1741 1445
235 1781 1505
813 1010 1460
3766 1363 1321
2937 1380 1313
267 1377 1295
3549 1565 1386
426 1348 1292
5581 767 1756
6179 1780 1475
1721 1631 1381
5611 1766 1448
4016 1399 1330
4441 1398 1337
3767 1404 1338
4195 1401 1334
5224 1726 1449
3991 1760 1559
2081 821 1507
3481 1351 1307
1911 1110 1448
1626 1465 1396
2345 1343 1288
1667 1785 1533
4605 1344 1324
4489 1703 1455
5772 1699 1457
2580 1422 1328
5089 1375 1300
4832 1772 1469
573 1555 1405
72 1633 1385
2083 1637 1381
2441 1425 1376
277 1280 1381
2631 1593 1921
3375 1768 1463
4571 1333 1284
2801 1697 1497
1120 1070 1427
172 1062 1437
3716 1284 1365
5999 1760 1471
2332 1762 1468
4419 1188 1428
4607 1367 1309
4239 1242 1388
3953 1176 1430
2211 1179 1434
2537 1337 1284
3694 1614 1386
179 1668 1804
1408 1443 1369
5211 1764 1442
4773 1117 1448
4565 1453 1363
946 1174 1420
1410 1484 1415
4408 1480 1413
3627 1435 1351
560 1704 1446
5280 1606 1373
5870 1444 1371
5547 1448 1364
5963 1707 1458
5112 1796 1494
4032 1585 1371
5723 1614 1380
432 1610 1383
1398 1334 1290
1672 1405 1358
5072 1425 1367
5013 1767 1551
3794 1788 1461
5253 1411 1367
2347 1630 1382
3473 1208 1394
950 1767 1449
715 1338 1322
1643 1570 1373
1765 1789 1530
1922 1382 1290
4930 1455 1344
3048 1617 1901
1823 1349 1303
1081 1345 1297
720 1296 1363
82 1293 1366
1757 1631 1390
260 1522 1952
257 1327 1334
5255 1120 1449
5242 1709 1506
2448 771 1596
2018 1709 1452
1913 1707 1450
2445 1416 1341
65 1287 1385
292 1376 1310
1167 1752 1440
1559 770 1590
436 1340 1274
921 769 1593
1003 1412 1343
4433 746 1701
2715 1782 1527
5134 1702 1477
3949 1749 1446
4566 1398 1989
3921 1794 1516
237 1379 1333
1351 1411 1374
3445 1595 1927
3862 1304 1360
3874 1783 1523
5735 1189 1407
2898 1624 1376
1634 1803 1499
4722 1395 1341
1579 1703 1485
351 1422 1347
3960 874 1502
882 1360 1299
2324 1754 1440
1378 1124 1454
3069 753 1740
2681 1391 1311
4117 1804 1484
5099 746 1693
3847 1783 1505
6236 1351 1285
5347 1359 1296
762 975 1471
1952 1623 1887
1521 1341 1278
6126 1416 1376
3661 1279 1371
873 1363 1295
4294 937 1496
1642 1588 1384
4570 786 1566
5142 1369 1319
1229 1781 1465
6120 1250 1390
298 793 1540
5806 815 1507
846 1583 1382
348 1323 1339
5005 1347 1314
365 1387 1284
3388 1412 1337
4434 1677 1794
5990 801 1525
2311 1354 1296
120 1357 1297
5629 1694 1495
6193 1186 1440
3091 1769 1474
2423 1413 1351
2480 1272 1366
4449 1369 1283
3261 1139 1444
2721 1724 1491
5959 1407 1331
5401 1385 1307
4791 1565 1380
6123 1564 1381
503 1384 1297
2882 1381 1294
3170 776 1585
5765 1432 1354
147 1705 1476
3070 1367 1300
2751 1117 1446
1799 1342 1316
4286 1340 1318
6231 1762 1441
5106 1371 1317
4798 773 1568
620 1386 1314
1154 1668 1800
3854 1488 1955
1093 765 1764
2586 1380 1352
4112 1448 1344
3293 1778 1467
6029 1771 1455
3219 1398 1358
3456 1582 1942
748 1686 1445
2638 1177 1414
293 1329 1317
3725 1401 1347
2933 1751 1436
5052 1116 1441
4266 1572 1380
1162 1702 1479
586 1346 1315
1804 1351 1311
6168 1628 1879
1030 1760 1561
3796 1415 1371
4925 1399 1364
5027 1548 1415
5696 1835 1500
5023 1784 1511
617 1367 1321
1984 1329 1340
4845 1149 1458
1775 1297 1367
3131 1166 1442
5186 1708 1466
730 1413 1334
5447 1455 1385
3050 1188 1411
1123 749 1721
5062 1744 1442
5164 777 1617
5712 894 1500
3652 1399 1342
1354 1375 1326
5649 1361 1292
2049 1630 1886
94 1367 1288
1356 1274 1375
4410 1333 1309
3892 1564 1378
841 1353 1325
1780 1697 1490
4587 1335 1317
5017 748 1739
152 1764 1556
4819 1565 1391
4843 1199 1399
5888 1620 1890
667 770 1575
829 1375 1994
5760 1180 1450
3678 1711 1478
3674 1727 1448
4021 1754 1707
2411 1355 1307
1178 1557 1403
5202 1480 1411
5033 1187 1437
546 1341 1330
3842 767 1585
4054 811 1515
415 913 1499
664 1687 1488
4484 1314 1337
2506 1323 1346
3797 1379 1285
4853 1572 1386
2333 1136 1444
5666 1418 1325
414 1144 1461
6202 1681 1785
2068 1354 1282
5454 1749 1447
5264 1404 1345
4949 743 1741
2522 746 1738
2299 1374 1333
948 1728 1442
5206 1440 1361
5285 958 1485
4592 1375 1282
5470 1302 1360
2889 1331 1303
5954 1173 1428
4240 1305 1357
4025 1181 1420
3835 1551 1406
1126 1186 1413
1039 1380 1278
4838 1383 1277
1291 1020 1454
3806 885 1503
827 1785 1459
355 1193 1410
4121 1684 1451
3358 1163 1446
183 1506 1952
6048 1407 1993
4662 1683 1446
5288 1565 1390
1082 1404 1324
998 1406 1327
3813 1686 1483
5813 1559 1946
5321 799 1528
4316 1595 1381
5996 801 1533
1697 1378 1318
5706 952 1795
1437 748 1732
5931 1178 1445
154 1124 1448
6245 1392 1340
2053 1412 1328
4631 1377 1352
3696 1593 1936
849 1396 1339
1662 1084 1440
3809 1598 1368
3054 982 1462
5500 1376 1341
4478 1600 1375
3601 1774 1484
5487 1316 1350
4313 1148 1459
706 1339 1993
5634 1564 1387
1835 966 1478
1370 1758 1707
1205 1780 1476
6210 1550 1954
3717 1130 1453
2728 1330 1332
5400 1765 1453
5993 1382 1302
4716 1249 1390
5239 1300 1365
5911 1798 1468
974 1361 1993
4165 1497 1424
646 1630 1378
5181 1708 1473
1055 1172 1446
5647 1676 1790
3238 1457 1387
4128 1370 1349
4706 1748 1440
568 1587 1926
3616 1701 1448
1419 1334 1333
2126 1602 1916
4396 1360 1313
5156 1749 1713
1456 859 1493
3608 1149 1456
4153 1293 1361
1709 792 1550
3138 756 1737
559 908 1799
752 1349 1314
4955 781 1588
1716 775 1602
654 1052 1444
1461 773 1609
2070 1429 1372
1715 1276 1388
342 1779 1462
2556 1133 1457
5341 1780 1486
4641 1739 1445
3745 1174 1439
1234 1450 1378
4043 1248 1387
844 949 1484
1936 1289 1935
74 1554 1375
4426 1456 1339
433 1411 1315
4375 759 1598
5991 1560 1363
2272 1559 1370
5360 1742 1436
1182 1739 1433
4083 1585 1360
5843 1163 1418
3778 1364 1268
4160 1264 1381
2684 1589 1365
1443 1432 1316
39 1205 1388
5411 1618 1917
4383 1552 1956
5059 1274 1360
1954 1272 1363
2863 1394 1306
3462 1565 993
4355 1768 1435
5552 1167 1410
1077 1164 1432
5539 1347 1269
5410 1109 1435
6151 978 1461
2197 984 1458
4975 1456 1381
4372 1806 1461
3173 1031 1445
4982 1291 1248
5175 1119 1438
5680 1795 1462
3614 1799 1464
304 1558 982
5086 1294 1358
448 845 1803
1363 1790 1450
4960 1238 1380
1748 1566 1007
493 1575 1367
5992 1793 1458
1927 1233 1388
2941 1388 1330
2756 1748 1438
2269 776 1547
692 1562 996
2153 1401 1279
3761 1309 1343
2583 1655 1838
4287 1651 1841
1098 823 1492
5012 1430 1320
1526 1249 1376
5459 1813 1470
4719 1461 1343
1890 1458 1340
2460 1393 1284
2923 1251 1375
2711 1286 1274
3738 1290 1274
3719 1571 1365
2626 1335 1266
2977 1325 1305
1402 1223 1384
2143 1259 1375
5746 1177 1406
1731 1402 1284
2904 773 1558
593 1411 1292
2136 1408 1294
6082 1556 993
2521 1157 1420
2486 919 1496
1115 1287 1264
3429 1666 1826
5951 1762 1437
5817 1295 1271
2001 1674 1810
5837 1441 1322
2198 1292 1262
591 768 1609
3970 1584 1368
4578 1400 1302
4562 1552 969
3206 1392 1324
5019 1617 1359
1929 1556 987
1843 1583 1946
3908 1597 1359
4187 1389 1326
1258 1812 1464
3278 1817 1467
84 1389 1334
4042 1565 1371
438 1563 1374
504 1446 1334
2182 1637 1881
4813 1435 1321
4585 1584 1361
4643 1804 1521
3529 785 1538
5968 784 1542
185 1317 1282
5404 1382 1324
3705 1610 1370
5646 1403 1293
1027 1644 1856
3780 1755 1722
4772 1386 1272
4761 1355 1275
2936 1637 1854
3585 1553 998
389 1595 1963
3500 1216 1384
2469 1660 1832
3710 1768 1438
225 1122 1436
5679 1316 1327
2810 944 1489
2052 1392 1318
3528 1369 1277
4103 1316 1312
2464 1414 1297
770 1133 1440
5821 1131 1438
5682 1468 1978
5637 1779 1437
4379 1607 1358
5277 1595 1359
5149 1446 1328
5041 1776 1444
4177 1672 1815
4060 1172 1394
3303 1331 1301
4614 1296 1345
3308 1465 1389
2316 722 1694
2813 1642 1855
2483 1551 1372
2175 1259 1377
557 1334 1275
583 1789 1458
1785 1144 1450
2412 1316 1294
1070 1288 1279
4334 1241 1385
2388 1393 1272
3915 1684 1790
3008 1599 1363
4976 1288 1255
754 1168 1430
3628 760 1578
6208 1763 1440
6220 1612 1360
4109 1282 1376
4994 1413 1302
5188 1409 1300
4620 1640 1862
3305 763 1570
3894 1389 1333
5627 1438 1328
1172 1460 1375
3827 1456 1355
496 1555 1380
3253 1321 1285
4820 1328 1282
1018 1324 1281
3392 1784 1448
3928 1782 1452
4118 1320 1274
2792 1676 1801
1153 1391 1316
4013 751 1580
2796 1167 1413
1246 1329 1295
5393 1379 1329
5761 1401 1292
5970 1151 1438
3988 1188 1395
3205 1293 1282
4665 1294 1279
5413 1395 1316
3743 1320 1320
6011 1294 1289
4776 1796 1458
2125 1552 1002
2839 1284 1265
4259 1342 1270
4543 1359 1278
4582 1800 1522
890 1747 1718
422 1318 1297
4733 1546 1007
190 1092 1434
3742 768 1569
5690 877 1495
3978 1578 1962
2806 1650 1850
4067 1787 1444
2578 1324 1293
1365 1024 1447
3093 1566 974
87 1376 1273
1332 1162 1428
1702 1320 1280
3255 1761 1714
1029 1454 1337
3857 1419 1319
3641 1592 1362
6239 1590 1360
5906 1241 1376
4621 1325 1310
5860 1444 1329
4697 766 1577
1020 1811 1459
6054 1808 1455
1091 1756 1433
2938 1558 1003
2978 1144 1440
4091 1802 1449
2859 1808 1449
5339 1805 1452
1469 1335 1269
4986 1618 1365
5854 1326 1274
5795 1608 1365
4056 760 1775
3361 1737 1436
1947 1020 1444
698 1024 1444
2428 1286 1359
972 944 1480
3270 1213 1386
5802 1437 1333
4967 1297 1252
140 795 1523
2075 744 1713
5148 1802 1467
1912 1149 1428
4660 1432 1317
4468 1753 1712
5070 1102 1431
2744 1386 1327
2122 1560 1958
3877 1195 1392
2758 1796 1454
5929 1565 1962
3490 1175 1400
5779 1761 1712
1049 1395 1327
1797 770 1552
5183 1563 1009
899 1545 1002
193 1419 1311
3718 1606 1363
4922 1458 1367
4891 1631 1895
5863 1352 1271
3033 1667 1829
144 1663 1825
1802 1353 1267
3841 1623 1902
5709 1380 1323
4858 1550 976
828 1603 1365
5525 1309 1328
3452 1406 1288
3582 1313 1323
975 774 1770
2319 1600 1939
174 1049 1435
1360 1368 1280
3980 1294 1256
3897 1596 1364
2476 1674 1811
4073 1564 979
845 1754 1430
491 1607 1929
4041 1161 1438
5788 1291 1289
4695 758 1594
5215 1563 981
1385 1560 978
1527 1441 1319
2115 860 1500
2422 1431 1326
5118 1195 1393
361 1807 1468
4277 1455 1332
4717 1408 1318
197 996 1447
1762 1003 1449
5566 1387 1334
1425 1390 1282
5369 1401 1312
4789 1161 1413
486 1562 1010
5434 1266 1355
1576 935 1487
5671 1760 1439
306 1574 1370
1949 1401 1300
3 1099 1434
1781 1294 1295
2707 1291 1278
4580 1404 1313
6128 1117 1433
1689 1248 1380
5580 1246 1378
1904 1481 1980
3116 1400 1289
2619 1422 1307
249 1641 1877
5187 1045 1438
2909 1627 1900
510 1775 1449
4092 864 1496
2208 1325 1299
3256 1304 1265
4456 1293 1268
4912 1288 1351
5995 1578 1948
5923 1675 1805
1383 1771 1432
2809 1576 1362
1986 1304 1342
4683 1547 984
2186 1132 1431
4704 960 1477
1568 1183 1408
3420 743 1758
3145 804 1502
2743 806 1506
1260 1559 1010
2891 1423 1323
3775 1642 1867
2034 1155 1414
3007 1577 1956
5254 837 1485
5942 1314 1307
700 1283 1254
960 1547 990
4421 1556 1372
3089 1412 1309
4384 1424 1203
2731 1425 1313
3740 1618 1371
1418 1275 1354
4438 1582 1364
3647 1396 1292
6194 1211 1386
268 1437 1324
3836 1325 1324
4915 1799 1458
2310 1413 1321
131 1762 1432
2568 1561 984
4749 1190 1402
3594 1568 992
3712 1268 1362
2735 1641 1860
5530 1453 1328
822 1320 1325
2148 742 1752
2846 1607 1955
4611 1613 1917
1719 1604 1358
6155 1558 1376
5867 1357 1270
1067 1551 995
554 1195 1398
3723 1678 1800
105 1368 1271
1653 1571 989
4907 1428 1322
5847 1141 1441
556 1331 1265
1193 1506 1988
743 1503 1985
5819 1354 1272
3347 1182 1396
861 1784 1442
1097 750 1768
4307 1659 1840
5043 1674 1807
2380 1544 1416
421 1080 1435
5950 810 1508
3373 1571 1357
314 1574 1360
5941 1527 1957
2285 1564 989
4827 1237 1384
5332 1435 1337
3099 1321 1318
4568 1431 1323
2344 1764 1433
6098 1389 1317
4514 1619 1913
717 1317 1317
4359 1623 1908
5405 1026 1439
3703 1429 1310
5354 817 1501
35 1142 1434
4609 752 1760
1852 1135 1433
3773 1788 1443
5771 1454 1373
4480 1157 1439
4306 1578 1965
5169 1582 1961
4574 1531 971
4780 1587 1971
736 846 1481
4142 1308 1318
587 1567 969
2307 755 1570
2890 1283 1278
3587 1525 969
2250 1539 987
1507 1532 981
797 1536 984
1247 1227 1372
1978 1479 1020
6016 1669 1931
918 1561 1025
541 1559 1021
5438 1308 1297
408 1591 1984
1563 1523 998
469 1261 1360
767 1544 1339
5600 1544 1015
2708 1308 1325
4554 1463 1347
5905 1470 1336
5014 923 1479
4730 1561 962
343 1564 963
5774 1302 1329
1554 1488 1023
2089 1561 1031
659 1576 976
5880 1580 970
1224 1276 1256
4144 1465 1360
4305 1545 965
2223 1766 1426
5373 1464 1367
5397 1271 1269
1116 1816 1534
3993 1492 1009
1502 1625 1966
206 1790 1435
2384 1492 993
5786 1542 1345
4147 1663 1846
2117 1278 1283
1377 1304 1286
872 1543 1332
2579 1251 1368
4721 1334 1259
61 727 1757
911 1654 1860
5392 1554 1028
5226 1288 1337
2382 1517 1019
733 1507 971
1763 1256 1373
888 1494 1006
1076 1274 1284
3371 1534 1018
362 1468 1000
3638 1472 1004
1132 1470 1002
2570 1795 1441
971 1440 1306
1259 1774 1429
990 1777 1433
3085 1690 1798
5971 1165 1393
4204 1350 1265
2761 1481 1015
5308 1537 1055
4113 1579 1014
5381 1474 1009
6156 763 1555
4527 1747 1427
2487 1507 1023
3476 748 1785
326 1689 1806
2076 1511 1030
3933 1487 1996
2218 1771 1715
5055 1577 1353
2023 1479 1009
1509 1503 1006
1833 1503 1003
5402 1517 1001
2478 1572 983
2297 1824 1459
1506 1582 984
3818 1628 1962
509 1522 972
3505 1593 1019
3966 1493 1009
1428 715 1693
590 1583 1352
3566 1541 1355
2063 1783 1433
3457 1271 1273
4080 1922 1673
4149 1344 1263
4521 751 1778
2232 1155 1405
339 1212 1382
5704 1541 1342
5090 1547 966
3251 1545 970
381 1716 1882
1960 1650 1870
6147 1270 1259
1012 1526 1008
2942 1471 1319
2886 1159 1391
5651 1471 1011
3412 745 1776
2660 1637 1956
5406 1480 1021
3496 1487 1017
1680 1465 1357
5801 1275 1236
6255 1456 1321
3977 1497 999
5642 1320 1269
951 1464 1361
2082 1518 980
5513 1092 1425
2488 1380 1271
4140 1285 1286
2459 1606 1350
5071 1282 1289
1072 1506 978
5192 1571 1008
384 1585 1005
5595 1290 1239
3368 1541 1353
3316 1475 995
2554 1483 1015
5128 1545 1363
299 1562 951
1191 1494 1024
2472 1569 1018
2466 1523 981
6012 1519 985
1903 1544 1369
358 1182 1389
5842 1180 1391
2834 1516 967
6122 1280 1239
1152 1536 1349
3887 1468 1350
2212 1017 1441
4544 1538 1361
4005 1147 1403
3551 1575 961
2919 1281 1245
3078 1595 1008
2763 751 1560
4797 1572 1013
3160 1493 1013
241 815 1493
3562 1451 1314
3314 1311 1310
3609 731 1723
3345 1580 990
1127 1499 995
3044 1480 1003
709 1297 1328
5587 1294 1331
4928 1465 1323
5079 1627 1957
233 1456 967
188 1603 1356
2 1655 1856
402 1785 1435
3722 1475 997
37 1304 1303
5150 1267 1266
1209 1306 1302
4387 1759 1425
3265 783 1525
4677 1517 1963
1921 1460 1356
516 1463 1362
2262 1587 1950
638 1662 1842
3676 1553 1361
3899 1166 1386
3377 1489 997
3795 708 1699
5471 1173 1384
1063 1471 1016
3709 1474 1013
3224 1548 1970
443 1442 1310
4500 1679 1829
3430 1519 1010
5101 1273 1244
3097 1546 1337
2096 1160 1398
5174 1515 1022
4208 1565 1975
307 1493 1968
2099 1738 1848
5608 1641 1891
5366 1499 1014
4591 1535 1011
5734 1158 1400
4154 984 1448
3882 1469 1332
737 1303 1295
4657 1327 1260
3465 1628 1924
5209 1801 1439
4055 1800 1433
3397 1798 1436
1891 1768 1712
2947 1642 1883
4688 1279 1280
1899 1593 1000
4081 723 1706
1932 1460 972
807 1654 1862
5814 1584 1012
788 1659 1969
5295 1477 1012
166 1684 1803
1670 1314 1276
5326 1548 1358
4283 822 1485
1807 1545 992
2760 1088 1429
3109 1205 1378
5461 1317 1262
4123 1495 991
2787 1437 1302
5152 868 1480
3873 1609 1355
3690 1310 1284
441 1502 1012
1346 1792 1439
6203 1289 1243
4559 974 1452
5024 725 1725
119 1302 1331
5022 780 1528
4929 1322 1267
4767 1490 1998
4745 1467 1340
524 1457 972
5683 1199 1384
5324 1575 1009
4098 1816 1449
3336 1526 1014
2432 1152 1396
2696 1467 1321
3840 1488 1007
3013 1488 1011
444 1535 998
2244 1531 994
3426 1498 1968
2824 1280 1248
1692 1534 971
2409 1462 1331
928 728 1720
4095 1506 1008
2086 1499 982
2837 1575 1347
1693 1461 967
5955 1089 1421
2289 950 1473
3225 1447 996
3555 1458 983
1478 1774 1434
2610 1316 1269
5297 752 1592
2762 908 1480
2242 1140 1425
3584 1436 1306
5460 1765 1430
3349 1558 964
3576 964 1469
5427 1515 1005
5473 1285 1239
4992 1191 1389
1053 1543 981
2544 1502 1022
3363 1599 1353
5486 1370 1267
387 903 1492
1338 1563 1018
5695 1287 1237
968 728 1751
340 1481 988
6213 1275 1263
1945 1821 1454
3800 1265 1366
1845 1487 985
4702 1301 1337
456 1556 964
4501 1539 968
3956 763 1563
837 1587 1015
2095 1766 1716
2354 903 1483
3378 1512 987
1711 1514 989
6174 1536 1352
4475 1550 960
4308 1279 1255
3433 1121 1430
3120 1568 1349
25 1123 1422
3165 1770 1722
146 955 1476
1540 831 1483
802 1815 1457
1222 1305 1324
6111 1543 1351
4235 1470 1377
1651 1467 1380
4785 1095 1428
1884 1925 1674
1516 1153 1403
555 1373 1269
1210 1272 1248
2950 1575 1002
2816 1526 1022
1125 1487 994
729 1477 1015
5770 1819 1453
935 1469 1334
4985 1583 996
4670 1008 1442
4320 1538 994
850 766 1545
3214 965 1467
943 774 1787
2072 1435 972
6253 1603 1348
980 1309 1282
5889 1573 996
2020 776 1532
683 1771 1424
3171 1516 995
1294 1591 1354
600 1579 1350
4354 1268 1345
6105 1288 1341
2214 1529 970
956 1513 975
5084 1189 1384
1582 1564 958
2195 1544 980
1596 1926 1671
3981 1305 1278
2676 1508 1015
2114 1448 1323
3822 1465 1375
6251 1493 978
4297 1156 1394
3285 981 1453
4353 791 1514
3898 1507 1962
3924 1277 1251
2420 893 1479
5274 1583 970
4200 1290 1233
996 1591 991
2202 1184 1387
2987 1762 1719
2699 1585 1016
4216 1461 1370
3032 928 1487
2492 1502 1030
1752 1498 1027
3727 1806 1524
1678 1547 1017
969 1549 951
1393 1445 1308
4910 1571 1019
779 1643 1871
5926 1503 1994
3053 1438 1315
2817 1136 1421
2252 1499 1017
4636 863 1491
631 1287 1226
5356 1582 978
5825 1528 1018
4435 1578 1355
1017 929 1483
3527 1280 1293
796 1223 1377
840 1565 1356
774 1572 961
2149 721 1538
4405 754 1572
2360 889 1489
3591 1518 990
4892 1574 1356
2582 1316 1272
5590 1576 982
2235 1217 1378
280 1160 1393
494 1446 903
5223 1565 1012
316 942 1476
3259 763 1553
4486 1541 981
1741 1259 1369
5221 1161 1399
4157 846 1482
4440 1277 1293
3713 1464 1342
2690 1104 1430
5244 991 1450
3860 1819 1463
597 1594 1024
1722 787 1523
4318 1233 1372
5822 1569 957
5660 892 1491
2642 1549 1023
3891 1788 1429
1948 1302 1322
2002 1305 1321
1995 1557 1364
2821 1325 1268
4511 1764 1715
4448 1553 950
5917 877 1479
1465 1645 1873
2330 886 1493
2836 1281 1283
4917 1295 1235
4836 1764 1425
904 1595 1027
1089 1116 1427
483 1275 1289
2248 1474 1332
3264 1474 1326
2605 1471 1329
5546 1556 1970
4768 1520 1015
246 1522 1018
3187 1778 1424
1976 1495 1997
979 1807 1442
1268 1446 1312
5138 1501 972
3644 1306 1328
1295 1593 1344
1879 1587 1344
1165 1590 1347
3760 1502 998
3043 1821 1450
2759 1781 1427
987 1305 1288
4711 1496 1009
2453 1814 1447
2356 1561 1354
5538 862 1490
5450 1314 1303
5874 1560 1016
2278 1532 1966
3790 1238 1369
2807 1564 1361
5157 732 1712
6131 1495 1000
3607 1591 981
2450 1146 1414
2612 1529 1011
2194 1459 1352
1462 1485 1028
5871 1281 1238
2113 1557 1978
2577 1499 987
1501 1578 1011
4615 1278 1272
977 1279 1264
5200 1517 969
4931 1524 988
563 1571 979
3319 1281 1257
3102 1231 1377
4194 1543 1974
644 1526 977
889 1507 1004
3848 1522 1972
214 1473 1368
5439 1508 985
896 1595 1351
507 1758 1724
5928 1284 1276
3995 1285 1233
4560 1750 1423
1232 1547 1345
6072 1276 1241
6190 1509 1002
5707 720 1715
1405 1547 1350
3967 1769 1426
3985 1503 989
2628 1577 985
1882 1861 1577
5468 1127 1427
4602 1538 975
1963 1278 1257
3965 1582 1357
5796 1311 1291
5107 1302 1311
2795 1531 1001
3244 718 1716
4097 1525 1985
4793 1559 1351
1286 802 1500
5085 747 1571
3711 760 1568
3087 1580 1016
1865 1291 1340
3879 748 1584
243 1586 1013
3286 1568 1027
836 1311 1299
820 1291 1231
883 1304 1285
4503 1477 993
1876 1480 998
1375 1589 1000
5948 1393 989
2045 1869 1581
1296 1867 1578
5136 1269 1292
3000 1270 1290
3990 1840 1554
5869 1926 1684
5095 1478 1324
2327 735 1574
4261 1484 1337
297 1481 1335
3071 1912 1698
377 741 1570
3805 1553 943
3114 1587 1026
0 1322 1244
821 1634 1023
711 1506 1035
5130 1157 1388
891 1531 1323
3621 1580 960
544 1132 1416
2867 1133 1417
5002 1599 1054
1379 949 1458
4784 1849 1546
2389 1257 1250
2079 1403 988
1801 1528 1332
6055 1876 1561
1705 1875 1564
5866 1874 1562
5477 1212 1364
578 1209 1368
5230 1620 1031
3504 1281 1216
3011 1287 1217
913 1580 1337
1300 1578 1333
5811 1556 1345
2341 1554 1347
1710 1874 1592
942 1940 1666
3194 1452 1027
4402 1921 1680
1025 1873 1571
1739 1879 1572
3369 935 1465
22 1234 1362
1004 1548 1339
5210 1344 1242
1000 1332 1256
1510 1584 1327
4826 1549 939
1842 717 1757
1243 1571 1339
5980 1845 1551
492 1212 1374
1394 1630 1048
4076 1469 1034
868 1487 1320
4406 1186 1375
6244 1457 1311
3135 1113 1419
684 1897 1705
2312 863 1473
5394 1554 1990
719 1766 1729
4010 1283 1329
6232 1249 1355
4186 1512 1035
522 1461 1319
224 1826 1451
3997 1373 1264
5098 1441 1033
192 1586 1241
3695 1478 1335
3022 1616 1035
2177 1550 1331
399 1876 1582
1094 1876 1577
14 1873 1581
5717 950 1463
5983 908 1473
5056 1887 1707
5767 1449 1035
4588 1470 1364
3040 710 1737
1700 1604 1032
3291 1301 1291
2286 1326 1256
54 756 1553
4333 1317 1255
2071 1470 1028
3957 1567 1033
1476 1318 1243
1288 1508 1040
3113 1903 1694
5907 1481 1039
3763 1487 1034
4466 1616 1052
50 1613 1056
4184 766 1544
2855 1521 955
2662 1476 1321
4288 1465 1006
5622 1526 1343
5676 694 1703
5899 1760 1415
3765 1620 1055
3144 1330 1250
2991 1332 1246
6200 1325 1248
4323 1390 987
4337 1305 1253
2602 1475 1341
5754 1538 1320
5104 1485 1327
3235 1607 1000
6045 730 1771
3645 1257 1269
1873 1254 1265
2151 1253 1268
3546 1085 1417
5908 1423 1003
5669 1227 1365
2171 1849 1554
6118 1411 994
4063 1444 1039
4923 1261 1262
3139 1525 959
15 1452 1302
3212 1347 1258
2585 1206 1369
3201 1272 1338
4737 1559 1345
1688 1598 975
2865 1798 1428
4215 1478 1374
1590 1856 1553
4029 1263 1251
1326 768 1536
479 1547 939
5526 1520 965
2284 1889 1706
5805 1463 1034
1671 1261 1353
1241 1436 1041
1784 1513 1996
5840 1851 1566
5196 1488 1328
204 1486 1368
1129 1464 1009
186 1591 1052
2147 1587 1052
3001 710 1709
2489 1417 1000
4667 1420 996
2473 1290 1298
2421 1293 1302
2803 760 1541
5939 1936 1670
3181 1934 1676
3124 1892 1706
4974 1454 1024
1390 937 1468
3542 1282 1335
1915 1595 984
4633 1556 1330
269 1516 960
6000 1520 964
4904 1447 1295
5333 1769 1420
5293 784 1518
6080 1634 1032
5428 1842 1550
1614 1844 1546
1505 1840 1549
2121 1569 951
6033 1191 1375
6234 1274 1229
4000 1570 1337
2027 1552 1336
85 1434 1044
1253 1475 1357
5744 1471 1313
4769 1469 1315
4256 1354 1249
755 1352 1252
4842 1604 1018
5594 1770 1414
3075 1868 1564
1340 1353 1259
4589 794 1504
5562 1460 1308
4100 1462 1304
5677 1459 1307
2334 1619 1024
2689 1616 1026
1131 1600 1041
3098 921 1466
5064 1871 1555
1334 1481 1325
5900 1525 946
3895 1890 1710
6010 1859 1573
5054 1582 1036
3829 1508 963
5389 1267 1270
1895 1346 1247
2843 1448 1027
5875 1445 1029
2127 1607 1025
3734 1606 1033
2778 1488 1326
3941 1316 1246
4540 1312 1250
5816 1532 951
5275 1538 945
5756 1535 948
5374 1873 1706
3182 1565 1331
4301 1564 1343
168 1350 1257
2093 1290 1325
3640 695 1693
2124 1155 1385
4199 1184 1380
838 1935 1664
6088 1498 1040
749 1598 977
4613 1269 1233
423 1293 1307
2028 1470 1359
3086 1763 1412
6216 1905 1704
4139 1762 1416
4723 1467 1015
1668 1472 1337
2639 698 1700
2253 798 1500
1987 1347 1259
2592 1350 1262
200 1261 1283
1279 1344 1246
3186 1363 1262
3910 1479 1346
4808 916 1476
1057 1781 1415
6063 965 1457
6246 1272 1226
5467 1473 1032
4347 1479 1032
2029 1475 1034
5844 1545 962
49 1298 1274
2530 695 1716
1052 1929 1686
3693 1159 1380
1148 1534 959
1983 1809 1437
6081 1868 1568
2992 1858 1572
5909 1525 1335
680 850 1475
2523 1319 1253
2368 1478 1311
1580 1482 1315
3356 1151 1390
5495 1154 1386
2564 1465 1021
1896 1528 1351
5282 1531 1354
1065 1586 963
3503 1009 1435
3680 1456 1029
3665 1927 1679
4811 1793 1424
1555 1626 1046
5312 1358 1262
708 1806 1433
1282 1359 1251
5773 1361 1254
2376 1460 1017
5408 1823 1445
6024 1555 939
2960 900 1479
2349 1595 972
1679 1611 1039
4202 1608 1036
5849 1200 1377
2414 1338 1257
320 1335 1253
3512 1607 1056
2009 1484 1372
5415 1290 1224
4519 1771 1725
653 1459 1023
5698 1467 1011
2737 1294 1194
4275 1341 1241
5492 1785 1426
2893 1629 1036
2729 1520 954
5621 1913 1681
5249 1591 966
3518 1593 1042
5452 1560 940
3781 1849 1553
5730 1264 1268
1608 1535 1320
127 1181 1378
3404 1004 1439
4927 1859 1566
3681 1264 1245
1649 1536 1336
1056 1265 1282
5927 1433 1041
3670 1518 1993
660 1138 1401
5443 1142 1405
2812 1057 1415
4053 1865 1549
3764 1480 1370
6198 1475 1371
907 1481 1365
3838 1478 1368
1382 1385 987
5074 774 1506
5688 1790 1421
4282 1766 1421
4755 1481 1360
4700 1482 1328
1487 1336 1238
5103 1333 1242
4151 1576 1032
2502 1262 1257
3210 1297 1314
4104 1483 1330
1032 1353 1255
1434 703 1740
2983 1321 1254
940 1326 1255
5703 1322 1258
3130 1906 1690
1860 1577 1020
1795 1479 1333
2041 1581 1997
5502 1598 1012
3929 1916 1694
4908 1812 1441
3142 751 1796
407 1446 1306
5511 1472 1022
1490 785 1509
3357 928 1472
3553 1269 1275
6182 1897 1708
3449 714 1742
4129 706 1728
2337 721 1741
6204 1857 1565
2328 1591 969
2594 1598 1036
4429 886 1479
6112 868 1478
5570 1919 1688
2436 1893 1705
2780 1773 1719
3474 1781 1422
4652 1878 1709
110 1870 1588
5655 1248 1358
2077 1245 1361
3327 1550 945
5573 968 1453
139 1277 1331
3832 1523 1346
6041 1482 1026
5199 1587 1044
379 1298 1305
4340 1599 1003
2026 707 1687
3384 1653 1872
2557 1779 1724
3886 1230 1367
2655 1845 1559
3432 709 1706
1605 1552 1342
5783 1932 1682
176 1912 1690
4229 1453 1314
3110 1849 1544
1283 712 1758
2775 1928 1665
4038 1931 1668
4483 1399 991
2720 1256 1359
4155 1529 1332
6052 1600 1049
2295 1261 1289
533 1572 956
346 1582 956
4694 1278 1233
2234 1861 1547
2128 1054 1420
6225 1890 1704
2406 1602 1020
4934 1622 1084
3932 1630 1044
3724 1049 1422
4979 1131 1409
4968 1135 1406
1817 706 1690
3769 1542 952
588 1764 1725
5605 1130 1419
5998 1292 1311
5631 1495 1036
3057 1337 1246
2293 1546 1990
5960 1474 1344
62 1350 1250
740 1539 1988
5549 1856 1561
6250 1864 1547
4071 1880 1572
4830 1861 1560
3301 1524 965
5256 1797 1419
2911 1855 1559
1615 1573 1342
5305 1880 1569
3306 1269 1243
562 1548 1990
4576 1893 1709
2192 1795 1427
489 720 1740
324 1585 1040
33 855 1477
2385 1829 1452
5612 1379 985
5994 1576 947
2065 1603 986
5578 1258 1259
2120 933 1467
2988 1550 1324
5572 705 1698
4397 1605 1047
1106 1286 1334
4069 1443 1299
3289 1531 944
345 1885 1710
2712 1576 954
1943 1912 1678
3074 1865 1558
4309 1257 1240
702 1564 1331
2748 702 1709
4835 1472 1351
4709 1312 1261
4214 1487 1042
1047 1048 1421
876 1052 1425
3360 774 1524
5607 1592 961
5359 1580 1026
3052 1216 1373
3164 1553 938
1196 1480 1037
2671 1429 1043
3419 1559 942
4883 1558 1338
5674 1474 1026
1239 1875 1590
5160 1280 1341
4172 1474 1313
2367 1771 1420
2596 1434 1042
2183 1467 1036
596 1399 989
211 1267 1277
1798 1604 1028
6030 1473 1338
4882 1543 1315
2351 1847 1540
4513 1794 1429
5007 1054 1416
5896 1513 1032
738 1586 966
3509 1760 1729
282 934 1477
2220 1571 1038
4597 1878 1588
2497 1166 1376
2910 1937 1658
157 1599 988
1352 933 1475
4022 1538 955
3189 777 1519
2394 936 1464
2558 883 1475
126 760 1521
6004 1311 1256
3156 1541 944
4357 1545 949
1287 1411 988
6008 1604 1346
5214 1531 1339
2104 910 1474
2435 1571 1026
5670 1602 1039
1953 1325 1236
5178 1917 1681
3937 1862 1564
495 1815 1446
23 870 1474
5930 711 1682
1594 1820 1439
2230 1819 1443
2914 1203 1375
5603 1533 1972
5635 1582 963
1198 1263 1231
2576 1602 1043
3559 1253 1254
2781 1197 1375
2969 1484 1342
4389 842 1476
3046 1625 1039
4841 1925 1691
371 1899 1693
4265 805 1493
1637 1581 951
6057 1343 1259
1366 1492 1322
5260 1587 1033
3302 1609 997
530 1605 993
5848 1528 1345
4687 1597 997
6138 1476 1334
1875 1476 1350
2508 938 1472
2957 1455 1300
2176 1587 959
1744 875 1486
2884 1479 1334
5850 1908 1690
288 792 1508
3523 1872 1559
4625 1277 1231
5918 1432 1040
5701 1895 1701
1920 1544 1326
5946 1174 1386
2205 1591 1030
1307 981 1444
1944 1474 1362
55 1536 1328
4756 1606 1011
4939 1810 1436
3485 1256 1279
2873 1260 1275
4996 1125 1419
4814 1828 1546
2431 1096 1418
2016 1272 1283
3082 1604 981
2666 1503 1354
6006 1920 1653
614 1927 1656
1397 1260 992
4523 691 1700
2993 1650 1137
4715 1608 973
13 1370 993
5925 1452 1299
1946 1260 987
3909 1888 1665
2283 1887 1667
4954 1887 1681
2686 1781 1395
4529 1215 1354
759 1072 1409
629 1897 1663
1993 1894 1582
5524 1895 1580
4627 1874 1690
5565 1254 1349
5238 1244 1279
1769 1250 1281
4245 1938 1677
3428 1872 1725
5512 1643 1155
4116 1247 1254
3635 1250 1248
4001 1221 921
2442 1662 1135
4004 1643 1114
4246 1400 981
3785 1914 1705
1808 1911 1702
1064 1038 1428
3297 1658 1153
1701 1639 1049
3639 1880 1586
310 1236 907
570 1897 1678
2953 1231 1356
2861 1509 1338
3266 1508 1337
5657 1366 992
2764 1663 1126
2054 1437 1048
3407 1890 1586
864 1243 904
6090 1233 890
2989 1888 1606
5153 1311 1238
884 1920 1705
3243 1883 1695
5653 1226 1355
309 1577 1995
4278 1245 1285
3155 1246 1263
1108 1819 1434
2590 1866 1684
776 869 1470
129 1943 1682
1796 1888 1583
3783 1558 930
2831 1504 1344
6046 1898 1595
1271 1205 1362
219 1304 1242
3947 1399 997
3158 1242 1261
4539 1895 1715
3945 1859 1537
2822 1471 1042
2331 816 1478
4583 1424 1006
5077 1230 911
4119 1888 1685
5958 1497 1356
150 1896 1683
1337 1256 996
3799 1405 997
2416 1897 1603
92 1507 1329
338 1523 1338
205 1326 1220
519 1323 1218
6158 1886 1596
4682 1413 1013
944 1891 1560
1460 1539 935
5885 1647 1039
356 1592 944
4011 1124 1406
2540 1908 1673
5421 1914 1673
2158 1912 1671
2499 1908 1712
1632 1201 1363
6036 1248 1270
3971 1875 1726
2134 1641 1024
4790 1413 1001
641 1870 1526
40 1253 1273
1691 1888 1726
930 1514 1332
1474 1866 1707
3288 1483 1307
4601 1617 1015
397 1272 917
6015 1662 1155
2514 1658 1157
3015 1837 1446
4090 1839 1448
2574 1643 1019
4650 1883 1718
1324 1931 1691
4453 1879 1595
694 1906 1618
4502 1653 1128
5484 1903 1684
1316 1641 1138
875 1784 1406
4181 1263 996
1107 1883 1601
1991 1885 1604
697 1894 1579
4059 1496 1337
2267 1878 1670
5092 1657 1118
5399 1257 1229
2274 1259 1225
1482 1863 1533
4132 1635 1146
1713 1030 873
2463 1033 871
3868 1865 1528
2101 1451 1042
1942 1243 1352
2271 1891 1679
3684 1283 1318
2240 1282 1315
3520 1491 1362
2956 689 1727
4684 1229 896
5403 1672 1148
5184 1670 1151
5350 1902 1644
2110 1867 1529
4932 1255 1240
2006 825 1476
1854 1856 1717
2444 894 1467
3064 1491 1354
4106 1015 1430
577 1629 1022
5718 1643 1120
5233 1781 1410
1498 1780 1409
5337 1090 1410
936 1465 1298
3119 1524 1321
4276 1528 1318
1373 1858 1694
5218 1862 1694
579 1894 1601
1867 1243 1246
4352 1849 1703
1698 1421 1051
4666 1378 958
5510 1907 1664
1980 1269 1221
2603 1245 1244
3337 1668 1111
859 1876 1556
3129 1577 937
898 1784 1398
3999 1912 1666
178 1854 1546
1189 1233 903
3034 776 1502
506 988 1434
6143 982 1437
1520 1481 1305
3084 1395 978
5121 1428 1018
1950 1888 1658
4366 1385 974
1493 1261 1344
5009 1263 1342
514 1545 928
6108 1899 1600
4460 1175 1368
2823 1872 1717
1791 1870 1720
3257 1492 1331
5857 1874 1712
6096 1839 1442
1343 1213 897
1080 1139 1388
3845 1900 1611
1513 1248 1238
3179 1252 1233
16 1251 1235
2899 961 1441
5126 965 1438
57 1875 1541
3732 1080 1414
36 1082 1411
5290 1887 1576
5416 1491 1313
1573 913 1471
5151 1374 960
2119 1892 1658
5163 1233 916
2417 1677 1144
3596 1897 1681
3215 801 1486
2916 1311 1228
630 1788 1403
1479 1225 1355
1051 1529 1979
3633 1772 1408
6137 1254 1294
1864 1870 1692
1230 1867 1697
3578 1902 1721
3296 1220 896
6136 1224 900
5053 1227 911
2623 1265 1334
1313 1469 1300
4505 1671 1136
1503 1584 951
4349 1391 976
4382 1618 1017
2051 1246 1343
5505 1243 1347
424 1784 1390
1336 1596 958
2876 1333 1234
1304 1428 1008
3090 889 1471
5003 1920 1709
3042 1505 1321
3168 1508 1319
2736 1876 1594
5694 1245 906
5383 1888 1676
2106 1934 1659
3487 1900 1710
1216 1245 916
1380 1241 914
2372 1855 1534
6064 1499 1333
1648 1500 1342
2215 1226 1359
2281 1603 973
3605 1238 919
111 1211 886
1547 1894 1572
1005 1942 1651
1110 1387 999
1009 1388 979
5482 1386 977
5687 1907 1651
4250 1911 1648
5940 1596 1061
1532 1877 1546
5518 1894 1674
3786 1904 1644
3024 800 1482
5426 1246 967
1970 1495 1349
5957 1309 1233
1328 1336 1228
3603 1490 1344
2746 1866 1534
3095 1861 1530
2900 1219 906
4999 1898 1585
2874 778 1497
20 1906 1652
863 1655 1148
3263 720 1779
5398 1248 1349
1088 1869 1699
5861 1884 1565
1574 1888 1554
5799 1603 964
5898 1639 1127
6240 1660 1148
3748 1466 1038
5882 1387 992
75 1598 960
2107 1590 1061
1592 1587 1064
5197 1514 1983
1914 1207 898
671 1208 894
2159 1205 893
1931 1398 994
3175 1215 883
5628 1477 1040
3533 1262 988
4238 1261 990
3581 1581 1064
3012 1584 1061
3538 1320 1228
333 1393 998
6254 1395 1001
5576 1777 1399
4130 1779 1403
1227 1488 1364
3290 1592 1064
1102 1874 1720
5556 1849 1709
551 1888 1700
5563 1372 990
3115 1813 1424
4469 1909 1611
3863 1500 1979
815 1219 887
6042 1257 915
6076 1252 910
1240 1255 910
93 1560 1324
3537 1210 885
2167 1586 944
5987 1094 1415
3410 1777 1407
2401 1670 1130
1485 1516 1342
6184 1646 1147
2329 1953 1667
1113 1411 1002
1440 1861 1717
255 1914 1700
383 1249 915
2374 996 1435
2090 1860 1719
3469 1883 1560
3318 957 1459
4867 1506 1338
5453 1872 1534
6195 1921 1699
2928 1111 1414
4252 1642 1134
5914 1246 923
5168 1240 920
3403 1651 1131
5602 1627 1020
1228 1214 917
5259 1893 1587
1828 1891 1583
58 785 1493
1175 1588 948
1133 770 1509
4401 1607 978
4087 1866 1720
3213 1635 1149
451 1879 1551
5672 1877 1549
2350 782 1496
4364 1202 882
5049 1375 991
2482 754 1518
6043 929 1460
4812 1470 1306
6133 1550 1316
3853 1253 907
2201 824 1479
3507 1460 1044
334 1916 1671
5300 1005 1435
4703 1248 1297
1777 1217 900
2713 1661 1111
4464 894 1470
1244 1248 963
2771 1038 868
5039 1194 1363
5536 1485 1330
866 1351 1241
5689 1251 1286
3267 1900 1618
3974 898 1472
2673 1259 959
3890 1269 910
2862 1265 914
467 1769 1733
6223 1775 1731
5686 1877 1514
76 1876 1679
3506 1890 1598
2546 1651 1117
4507 1460 1038
